ComplexOptimizationOfAnswerSets;0014-ComplexOPTjnh202cnf0246-0-0.asp;1.2200590385;0.1528675850;1.0671914535;0.1252952359;0.8747047641;0.8449864085;0.0000000000;0.0000108950;0.1495552130;0.0000000000;0.0054474835;0.0000054475;idlv+clasp-crafty
ComplexOptimizationOfAnswerSets;0061-ComplexOPTvertexheatshockwt215-0-0.asp;1.1614532669;0.0887088602;1.0727444066;0.0763774685;0.9236225315;0.8075079093;0.0000000000;0.0033929150;0.1780300223;0.0000000000;0.0110691534;0.0000009753;idlv+clasp-crafty
ComplexOptimizationOfAnswerSets;0013-ComplexOPTjnh19cnf0246-0-0.asp;1.2203005008;0.1518530885;1.0684474124;0.1244390938;0.8755609062;0.8445802889;0.0000000000;0.0000103786;0.1499605613;0.0000000000;0.0054487712;0.0000051893;idlv+clasp
ComplexOptimizationOfAnswerSets;0003-ComplexOPTaim20016no3cnf0246-0-0.asp;1.1745934959;0.1469512195;1.0276422764;0.1251081502;0.8748918498;0.8335588633;0.0000000000;0.0000338295;0.1542286874;0.0000000000;0.0121786198;0.0000169147;idlv+clasp-jumpy
ComplexOptimizationOfAnswerSets;0034-ComplexOPTjnh4cnf0246-0-0.asp;1.2203480232;0.1516767785;1.0686712447;0.1242897727;0.8757102273;0.8446568759;0.0000000000;0.0000103569;0.1498953953;0.0000000000;0.0054373718;0.0000051784;idlv+wasp
ComplexOptimizationOfAnswerSets;0078-ComplexOPTvertexstatvsexp915-0-0.asp;1.1640323968;0.0886437198;1.0753886770;0.0761522789;0.9238477211;0.8058815297;0.0000000000;0.0034783448;0.1795449391;0.0000000000;0.0110951864;0.0000009651;idlv+clasp-crafty
ComplexOptimizationOfAnswerSets;0022-ComplexOPTjnh219cnf0246-0-0.asp;1.2197486153;0.1518960375;1.0678525778;0.1245306087;0.8754693913;0.8446869641;0.0000000000;0.0000110292;0.1497874124;0.0000000000;0.0055145944;0.0000055146;idlv+wasp
ComplexOptimizationOfAnswerSets;0015-ComplexOPTjnh206cnf0246-0-0.asp;1.2198172028;0.1520121865;1.0678050163;0.1246188250;0.8753811750;0.8447569446;0.0000000000;0.0000109992;0.1497324439;0.0000000000;0.0054996123;0.0000054996;idlv+wasp
ComplexOptimizationOfAnswerSets;0073-ComplexOPTvertexstatvsexp415-0-0.asp;1.1640206385;0.0886920162;1.0753286223;0.0761945392;0.9238054608;0.8057996536;0.0000000000;0.0034824153;0.1796226146;0.0000000000;0.0110953165;0.0000009644;idlv+clasp-frumpy
ComplexOptimizationOfAnswerSets;0008-ComplexOPTjnh13cnf0246-0-0.asp;1.2202369002;0.1521113565;1.0681255437;0.1246572337;0.8753427663;0.8446423280;0.0000000000;0.0000103967;0.1498890154;0.0000000000;0.0054582599;0.0000051983;idlv+wasp
ComplexOptimizationOfAnswerSets;0064-ComplexOPTvertexheatshockwt515-0-0.asp;1.1261349997;0.0936896624;1.0324453374;0.0831957646;0.9168042354;0.8297059310;0.0000000000;0.0022116546;0.1575784438;0.0000000000;0.0105039706;0.0000011108;idlv+clasp-jumpy
ComplexOptimizationOfAnswerSets;0021-ComplexOPTjnh216cnf0246-0-0.asp;1.2197443182;0.1520596591;1.0676846591;0.1246651916;0.8753348084;0.8446636217;0.0000000000;0.0000110324;0.1498091393;0.0000000000;0.0055162066;0.0000055162;idlv+clasp-jumpy
ComplexOptimizationOfAnswerSets;0070-ComplexOPTvertexstatvsexp115-0-0.asp;1.1638476012;0.0886786066;1.0751689946;0.0761943458;0.9238056542;0.8059919285;0.0000000000;0.0034746734;0.1794420629;0.0000000000;0.0110913352;0.0000009657;idlv+clasp-trendy
ComplexOptimizationOfAnswerSets;0017-ComplexOPTjnh20cnf0246-0-0.asp;1.2203242810;0.1521318476;1.0681924334;0.1246650992;0.8753349008;0.8447506086;0.0000000000;0.0000103589;0.1498005905;0.0000000000;0.0054384420;0.0000051795;idlv+clasp-jumpy
ComplexOptimizationOfAnswerSets;0002-ComplexOPTaim20016no2cnf0246-0-0.asp;1.1746241365;0.1478057700;1.0268183665;0.1258323964;0.8741676036;0.8335784687;0.0000000000;0.0000338118;0.1542154824;0.0000000000;0.0121722372;0.0000169059;idlv+clasp-tweety
ComplexOptimizationOfAnswerSets;0044-ComplexOPTedgeheatshockwt515-0-0.asp;1.1576210991;0.1620564839;0.9955646152;0.1399909556;0.8600090444;0.7755499918;0.0000000000;0.0014586774;0.2120651331;0.0000000000;0.0109261978;0.0000004024;idlv+clasp-jumpy
ComplexOptimizationOfAnswerSets;0057-ComplexOPTedgestatvsexp815-0-0.asp;1.1689300129;0.1727404151;0.9961895978;0.1477765249;0.8522234751;0.7754180034;0.0000000000;0.0013309999;0.2132677627;0.0000000000;0.0099832340;0.0000003673;idlv+clasp-frumpy
ComplexOptimizationOfAnswerSets;0051-ComplexOPTedgestatvsexp215-0-0.asp;1.1689303378;0.1727483419;0.9961819959;0.1477832650;0.8522167350;0.7753947326;0.0000000000;0.0013318361;0.2132905345;0.0000000000;0.0099828968;0.0000003671;idlv+clasp-handy
ComplexOptimizationOfAnswerSets;0005-ComplexOPTaim20020no2cnf0246-0-0.asp;1.1831889370;0.1501999334;1.0329890037;0.1269450116;0.8730549884;0.8329785310;0.0000000000;0.0000278276;0.1558625871;0.0000000000;0.0111310542;0.0000139138;idlv+clasp
ComplexOptimizationOfAnswerSets;0030-ComplexOPTjnh308cnf0246-0-0.asp;1.2208013103;0.1520095754;1.0687917349;0.1245162289;0.8754837711;0.8447485012;0.0000000000;0.0000097802;0.1498625877;0.0000000000;0.0053791309;0.0000048901;idlv+wasp
ComplexOptimizationOfAnswerSets;0065-ComplexOPTvertexheatshockwt615-0-0.asp;1.1622706246;0.0889164599;1.0733541648;0.0765023722;0.9234976278;0.8081670392;0.0000000000;0.0033595107;0.1774575850;0.0000000000;0.0110158651;0.0000009794;idlv+clasp-crafty
ComplexOptimizationOfAnswerSets;0024-ComplexOPTjnh302cnf0246-0-0.asp;1.2209149096;0.1525163153;1.0683985944;0.1249196926;0.8750803074;0.8449126563;0.0000000000;0.0000097319;0.1497250742;0.0000000000;0.0053525376;0.0000048659;idlv+clasp-jumpy
ComplexOptimizationOfAnswerSets;0075-ComplexOPTvertexstatvsexp615-0-0.asp;1.1581428344;0.0890491588;1.0690936756;0.0768896168;0.9231103832;0.8088766407;0.0000000000;0.0033168278;0.1767488014;0.0000000000;0.0110577301;0.0000009825;idlv+clasp-jumpy
ComplexOptimizationOfAnswerSets;0040-ComplexOPTedgeheatshockwt115-0-0.asp;1.1684622372;0.1722844289;0.9961778083;0.1474454402;0.8525545598;0.7753669764;0.0000000000;0.0013352982;0.2132706283;0.0000000000;0.0100270971;0.0000003690;idlv+clasp-trendy
ComplexOptimizationOfAnswerSets;0023-ComplexOPTjnh2cnf0246-0-0.asp;1.2204740092;0.1523932816;1.0680807276;0.1248640122;0.8751359878;0.8448832479;0.0000000000;0.0000102979;0.1497000747;0.0000000000;0.0054063795;0.0000051489;idlv+clasp-jumpy
ComplexOptimizationOfAnswerSets;0029-ComplexOPTjnh307cnf0246-0-0.asp;1.2206348201;0.1520527116;1.0685821085;0.1245685516;0.8754314484;0.8445140572;0.0000000000;0.0000098509;0.1500581201;0.0000000000;0.0054179719;0.0000049254;idlv+clasp-jumpy
ComplexOptimizationOfAnswerSets;0009-ComplexOPTjnh14cnf0246-0-0.asp;1.2203598800;0.1519826724;1.0683772076;0.1245392240;0.8754607760;0.8446872267;0.0000000000;0.0000103507;0.1498682869;0.0000000000;0.0054341357;0.0000051754;idlv+wasp
ComplexOptimizationOfAnswerSets;0001-ComplexOPTaim20016no1cnf0246-0-0.asp;1.1746241365;0.1466883381;1.0279357985;0.1248810862;0.8751189138;0.8335784687;0.0000000000;0.0000338118;0.1542154824;0.0000000000;0.0121722372;0.0000169059;idlv+clasp-handy
ComplexOptimizationOfAnswerSets;0006-ComplexOPTjnh10cnf0246-0-0.asp;1.2203638302;0.1519290998;1.0684347305;0.1244949219;0.8755050781;0.8448359647;0.0000000000;0.0000103394;0.1497254878;0.0000000000;0.0054282081;0.0000051697;idlv+clasp-tweety
ComplexOptimizationOfAnswerSets;0012-ComplexOPTjnh18cnf0246-0-0.asp;1.2203835653;0.1521608843;1.0682226810;0.1246828363;0.8753171637;0.8448841305;0.0000000000;0.0000103294;0.1496826307;0.0000000000;0.0054229095;0.0000051647;idlv+clasp-tweety
ComplexOptimizationOfAnswerSets;0039-ComplexOPTedgeheatshockwt1015-0-0.asp;1.1688495350;0.1726752085;0.9961743265;0.1477309126;0.8522690874;0.7753708826;0.0000000000;0.0013338406;0.2133054275;0.0000000000;0.0099898493;0.0000003672;idlv+clasp-frumpy
ComplexOptimizationOfAnswerSets;0055-ComplexOPTedgestatvsexp615-0-0.asp;1.1675735862;0.1714714928;0.9961020934;0.1468614012;0.8531385988;0.7753252416;0.0000000000;0.0013456094;0.2132277860;0.0000000000;0.0101013630;0.0000003717;idlv+clasp-handy
ComplexOptimizationOfAnswerSets;0068-ComplexOPTvertexheatshockwt915-0-0.asp;1.1623413287;0.0885736467;1.0737676820;0.0762027853;0.9237972147;0.8070504790;0.0000000000;0.0034161032;0.1784554000;0.0000000000;0.0110780179;0.0000009727;idlv+clasp-frumpy
ComplexOptimizationOfAnswerSets;0056-ComplexOPTedgestatvsexp715-0-0.asp;1.1673188964;0.1712604527;0.9960584438;0.1467126534;0.8532873466;0.7753212569;0.0000000000;0.0013503479;0.2132086068;0.0000000000;0.0101197884;0.0000003724;idlv+clasp-jumpy
ComplexOptimizationOfAnswerSets;0027-ComplexOPTjnh305cnf0246-0-0.asp;1.2207865877;0.1522437918;1.0685427959;0.1247095875;0.8752904125;0.8448540556;0.0000000000;0.0000097785;0.1497579817;0.0000000000;0.0053781841;0.0000048893;idlv+wasp
ComplexOptimizationOfAnswerSets;0007-ComplexOPTjnh11cnf0246-0-0.asp;1.2202369002;0.1521113565;1.0681255437;0.1246572337;0.8753427663;0.8445413121;0.0000000000;0.0000104034;0.1499864755;0.0000000000;0.0054618090;0.0000052017;idlv+clasp-handy
ComplexOptimizationOfAnswerSets;0050-ComplexOPTedgestatvsexp115-0-0.asp;1.1687970245;0.1726130061;0.9961840184;0.1476843305;0.8523156695;0.7753930746;0.0000000000;0.0013328926;0.2132786253;0.0000000000;0.0099954075;0.0000003677;idlv+clasp-frumpy
ComplexOptimizationOfAnswerSets;0032-ComplexOPTjnh310cnf0246-0-0.asp;1.2206496960;0.1523872847;1.0682624113;0.1248411278;0.8751588722;0.8445967555;0.0000000000;0.0000098406;0.1499810568;0.0000000000;0.0054123470;0.0000049203;idlv+wasp
ComplexOptimizationOfAnswerSets;0048-ComplexOPTedgeheatshockwt915-0-0.asp;1.1682236229;0.1720764112;0.9961472117;0.1472974932;0.8527025068;0.7754069687;0.0000000000;0.0013409895;0.2132103163;0.0000000000;0.0100417254;0.0000003693;idlv+clasp-frumpy
ComplexOptimizationOfAnswerSets;0004-ComplexOPTaim20020no1cnf0246-0-0.asp;1.1831889370;0.1501999334;1.0329890037;0.1269450116;0.8730549884;0.8329785310;0.0000000000;0.0000278276;0.1558625871;0.0000000000;0.0111310542;0.0000139138;idlv+clasp-frumpy
ComplexOptimizationOfAnswerSets;0047-ComplexOPTedgeheatshockwt815-0-0.asp;1.1612117010;0.1654503548;0.9957613462;0.1424807851;0.8575192149;0.7755111299;0.0000000000;0.0014177141;0.2124447531;0.0000000000;0.0106264028;0.0000003911;idlv+clasp-handy
ComplexOptimizationOfAnswerSets;0041-ComplexOPTedgeheatshockwt215-0-0.asp;1.1680741880;0.1719607914;0.9961133966;0.1472173542;0.8527826458;0.7754031424;0.0000000000;0.0013408182;0.2132023067;0.0000000000;0.0100537326;0.0000003699;idlv+clasp-frumpy
ComplexOptimizationOfAnswerSets;0031-ComplexOPTjnh309cnf0246-0-0.asp;1.2208196928;0.1521657013;1.0686539914;0.1246422402;0.8753577598;0.8447357360;0.0000000000;0.0000097749;0.1498783027;0.0000000000;0.0053761864;0.0000048874;idlv+wasp
ComplexOptimizationOfAnswerSets;0066-ComplexOPTvertexheatshockwt715-0-0.asp;1.1594222220;0.0889074622;1.0705147598;0.0766825584;0.9233174416;0.8085994469;0.0000000000;0.0033358654;0.1770148176;0.0000000000;0.0110498702;0.0000009814;idlv+clasp-trendy
ComplexOptimizationOfAnswerSets;0069-ComplexOPTvertexstatvsexp1015-0-0.asp;1.1580964991;0.0890630292;1.0690334698;0.0769046701;0.9230953299;0.8087323026;0.0000000000;0.0033264886;0.1768790882;0.0000000000;0.0110621206;0.0000009816;idlv+wasp
ComplexOptimizationOfAnswerSets;0020-ComplexOPTjnh215cnf0246-0-0.asp;1.2197872340;0.1519148936;1.0678723404;0.1245421245;0.8754578755;0.8445501601;0.0000000000;0.0000110248;0.1499264094;0.0000000000;0.0055124057;0.0000055124;idlv+clasp-jumpy
ComplexOptimizationOfAnswerSets;0074-ComplexOPTvertexstatvsexp515-0-0.asp;1.1590998407;0.0891265228;1.0699733179;0.0768928782;0.9231071218;0.8093437231;0.0000000000;0.0033046510;0.1763433524;0.0000000000;0.0110082735;0.0000009859;idlv+clasp-frumpy
ComplexOptimizationOfAnswerSets;0025-ComplexOPTjnh303cnf0246-0-0.asp;1.2206905274;0.1522701404;1.0684203870;0.1247409863;0.8752590137;0.8446622922;0.0000000000;0.0000098228;0.1499253467;0.0000000000;0.0054025382;0.0000049114;idlv+clasp-jumpy
ComplexOptimizationOfAnswerSets;0063-ComplexOPTvertexheatshockwt415-0-0.asp;1.1626397186;0.0885542745;1.0740854441;0.0761665657;0.9238334343;0.8068870408;0.0000000000;0.0034248606;0.1786058952;0.0000000000;0.0110822035;0.0000009719;idlv+clasp-crafty
ComplexOptimizationOfAnswerSets;0028-ComplexOPTjnh306cnf0246-0-0.asp;1.2208563883;0.1521315392;1.0687248491;0.1246105117;0.8753894883;0.8447595110;0.0000000000;0.0000097611;0.1498621245;0.0000000000;0.0053686034;0.0000048805;idlv+clasp-crafty
ComplexOptimizationOfAnswerSets;0033-ComplexOPTjnh3cnf0246-0-0.asp;1.2203796204;0.1522810523;1.0680985681;0.1247817071;0.8752182929;0.8448951764;0.0000000000;0.0000103300;0.1496712480;0.0000000000;0.0054232456;0.0000051650;idlv+clasp-trendy
ComplexOptimizationOfAnswerSets;0076-ComplexOPTvertexstatvsexp715-0-0.asp;1.1572999452;0.0890699765;1.0682299687;0.0769636056;0.9230363944;0.8093315441;0.0000000000;0.0032976474;0.1763221625;0.0000000000;0.0110486460;0.0000009853;idlv+clasp-handy
ComplexOptimizationOfAnswerSets;0035-ComplexOPTjnh5cnf0246-0-0.asp;1.2203638302;0.1521290065;1.0682348237;0.1246587310;0.8753412690;0.8448231292;0.0000000000;0.0000103403;0.1497378734;0.0000000000;0.0054286571;0.0000051701;idlv+clasp-crafty
ComplexOptimizationOfAnswerSets;0072-ComplexOPTvertexstatvsexp315-0-0.asp;1.1635495642;0.0887391042;1.0748104599;0.0762658566;0.9237341434;0.8060110398;0.0000000000;0.0034726246;0.1794234439;0.0000000000;0.0110928917;0.0000009657;idlv+clasp-frumpy
ComplexOptimizationOfAnswerSets;0053-ComplexOPTedgestatvsexp415-0-0.asp;1.1688173591;0.1726388734;0.9961784857;0.1477038924;0.8522961076;0.7753805507;0.0000000000;0.0013338796;0.2132928637;0.0000000000;0.0099927059;0.0000003675;idlv+clasp-frumpy
ComplexOptimizationOfAnswerSets;0071-ComplexOPTvertexstatvsexp215-0-0.asp;1.1646056092;0.0886395040;1.0759661052;0.0761111773;0.9238888227;0.8055389694;0.0000000000;0.0034939982;0.1798667504;0.0000000000;0.0111002820;0.0000009631;idlv+clasp-jumpy
ComplexOptimizationOfAnswerSets;0010-ComplexOPTjnh15cnf0246-0-0.asp;1.2202129797;0.1520996584;1.0681133213;0.1246500906;0.8753499094;0.8445861199;0.0000000000;0.0000104088;0.1499388483;0.0000000000;0.0054646231;0.0000052044;idlv+wasp
ComplexOptimizationOfAnswerSets;0046-ComplexOPTedgeheatshockwt715-0-0.asp;1.1676733738;0.1715640641;0.9961093097;0.1469281290;0.8530718710;0.7753899257;0.0000000000;0.0013444434;0.2131752486;0.0000000000;0.0100903823;0.0000003714;idlv+clasp-trendy
ComplexOptimizationOfAnswerSets;0018-ComplexOPTjnh211cnf0246-0-0.asp;1.2197443182;0.1520596591;1.0676846591;0.1246651916;0.8753348084;0.8446996018;0.0000000000;0.0000110299;0.1497744394;0.0000000000;0.0055149289;0.0000055149;idlv+wasp
ComplexOptimizationOfAnswerSets;0042-ComplexOPTedgeheatshockwt315-0-0.asp;1.1680980018;0.1719381426;0.9961598592;0.1471949634;0.8528050366;0.7753484268;0.0000000000;0.0013404875;0.2132529880;0.0000000000;0.0100580977;0.0000003701;idlv+clasp-handy
ComplexOptimizationOfAnswerSets;0059-ComplexOPTvertexheatshockwt1015-0-0.asp;1.1643534812;0.0886627475;1.0756907337;0.0761476209;0.9238523791;0.8056128329;0.0000000000;0.0034880270;0.1797981569;0.0000000000;0.0111009832;0.0000009635;idlv+clasp-handy
ComplexOptimizationOfAnswerSets;0011-ComplexOPTjnh16cnf0246-0-0.asp;1.2203953937;0.1521001132;1.0682952806;0.1246318316;0.8753681684;0.8447652310;0.0000000000;0.0000103331;0.1497995371;0.0000000000;0.0054248987;0.0000051666;idlv+clasp-tweety
ComplexOptimizationOfAnswerSets;0060-ComplexOPTvertexheatshockwt115-0-0.asp;1.1623210711;0.0881089618;1.0742121093;0.0758043229;0.9241956771;0.8066973700;0.0000000000;0.0034504785;0.1787365357;0.0000000000;0.0111156158;0.0000009722;idlv+clasp-jumpy
ComplexOptimizationOfAnswerSets;0045-ComplexOPTedgeheatshockwt615-0-0.asp;1.1679374192;0.1717884680;0.9961489512;0.1470870486;0.8529129514;0.7755001606;0.0000000000;0.0013396416;0.2130941718;0.0000000000;0.0100660260;0.0000003706;idlv+clasp-jumpy
ComplexOptimizationOfAnswerSets;0016-ComplexOPTjnh208cnf0246-0-0.asp;1.2198300283;0.1517705382;1.0680594901;0.1244194148;0.8755805852;0.8447788759;0.0000000000;0.0000109930;0.1497136324;0.0000000000;0.0054964987;0.0000054965;idlv+clasp-handy
ComplexOptimizationOfAnswerSets;0049-ComplexOPTedgestatvsexp1015-0-0.asp;1.1675434839;0.1714664210;0.9960770629;0.1468608436;0.8531391564;0.7753010206;0.0000000000;0.0013478616;0.2132490304;0.0000000000;0.0101020874;0.0000003716;idlv+clasp-handy
ComplexOptimizationOfAnswerSets;0067-ComplexOPTvertexheatshockwt815-0-0.asp;1.1366139398;0.0925786970;1.0440352427;0.0814513124;0.9185486876;0.8237360232;0.0000000000;0.0024863019;0.1631626272;0.0000000000;0.0106150477;0.0000010666;idlv+clasp-frumpy
ComplexOptimizationOfAnswerSets;0058-ComplexOPTedgestatvsexp915-0-0.asp;1.1688154411;0.1726334842;0.9961819568;0.1476995239;0.8523004761;0.7753962341;0.0000000000;0.0013324507;0.2132777515;0.0000000000;0.0099935638;0.0000003676;idlv+clasp-crafty
ComplexOptimizationOfAnswerSets;0054-ComplexOPTedgestatvsexp515-0-0.asp;1.1673146206;0.1712338302;0.9960807904;0.1466903842;0.8533096158;0.7753739097;0.0000000000;0.0013501285;0.2131568848;0.0000000000;0.0101190771;0.0000003722;idlv+clasp-handy
ComplexOptimizationOfAnswerSets;0043-ComplexOPTedgeheatshockwt415-0-0.asp;1.1683257324;0.1721796294;0.9961461030;0.1473729668;0.8526270332;0.7754224980;0.0000000000;0.0013386624;0.2132060688;0.0000000000;0.0100327708;0.0000003691;idlv+clasp-handy
ComplexOptimizationOfAnswerSets;0052-ComplexOPTedgestatvsexp315-0-0.asp;1.1686835164;0.1725654951;0.9961180213;0.1476580209;0.8523419791;0.7753776798;0.0000000000;0.0013349996;0.2132865924;0.0000000000;0.0100007282;0.0000003678;idlv+clasp-jumpy
ComplexOptimizationOfAnswerSets;0037-ComplexOPTjnh8cnf0246-0-0.asp;1.2202965338;0.1517397983;1.0685567355;0.1243466601;0.8756533399;0.8447589425;0.0000000000;0.0000103681;0.1497874546;0.0000000000;0.0054432348;0.0000051840;idlv+clasp-jumpy
ComplexOptimizationOfAnswerSets;0077-ComplexOPTvertexstatvsexp815-0-0.asp;1.1646073382;0.0885759371;1.0760314010;0.0760564821;0.9239435179;0.8056871992;0.0000000000;0.0034895348;0.1797269504;0.0000000000;0.0110963156;0.0000009642;idlv+clasp-handy
ComplexOptimizationOfAnswerSets;0038-ComplexOPTjnh9cnf0246-0-0.asp;1.2203321993;0.1521913148;1.0681408845;0.1247130207;0.8752869793;0.8446013186;0.0000000000;0.0000103661;0.1499460961;0.0000000000;0.0054422192;0.0000051831;idlv+wasp
ComplexOptimizationOfAnswerSets;0062-ComplexOPTvertexheatshockwt315-0-0.asp;1.1610792385;0.0881307098;1.0729485287;0.0759041303;0.9240958697;0.8074005686;0.0000000000;0.0034135428;0.1780777084;0.0000000000;0.0111081802;0.0000009770;idlv+clasp-handy
ComplexOptimizationOfAnswerSets;0036-ComplexOPTjnh6cnf0246-0-0.asp;1.2203282407;0.1518113283;1.0685169124;0.1244020447;0.8755979553;0.8447130003;0.0000000000;0.0000103601;0.1498376060;0.0000000000;0.0054390336;0.0000051800;idlv+clasp-frumpy
ComplexOptimizationOfAnswerSets;0019-ComplexOPTjnh214cnf0246-0-0.asp;1.2197786606;0.1517806470;1.0679980136;0.1244329417;0.8755670583;0.8446884348;0.0000000000;0.0000110181;0.1497914819;0.0000000000;0.0055090652;0.0000055091;idlv+clasp-jumpy
ComplexOptimizationOfAnswerSets;0026-ComplexOPTjnh304cnf0246-0-0.asp;1.2208270393;0.1519700403;1.0688569990;0.1244812208;0.8755187792;0.8447247157;0.0000000000;0.0000097731;0.1498902968;0.0000000000;0.0053752144;0.0000048866;idlv+wasp
CrossingMinimization;0077-crossing_minimization-8-0.asp;1.8129113131;0.7138827954;1.0990285177;0.3937770095;0.6062229905;0.2734517304;0.0002276867;0.0874316940;0.5623861566;0.0000000000;0.0765027322;0.0002276867;idlv+wasp
CrossingMinimization;0047-crossing_minimization-10-0.asp;1.8713178295;0.7620155039;1.1093023256;0.4072079536;0.5927920464;0.2601796980;0.0001911680;0.0764672147;0.5943414261;0.0000000000;0.0688204932;0.0001911680;idlv+wasp
CrossingMinimization;0039-crossing_minimization-9-0.asp;1.8286488317;0.7436505249;1.0849983068;0.4066666667;0.5933333333;0.2572937626;0.0002515091;0.0814889336;0.5885311871;0.0000000000;0.0724346076;0.0002515091;idlv+wasp
CrossingMinimization;0083-crossing_minimization-9-0.asp;1.8464766954;0.7492820853;1.0971946101;0.4057901663;0.5942098337;0.2646198830;0.0001624431;0.0789473684;0.5860948668;0.0000000000;0.0701754386;0.0001624431;idlv+wasp
CrossingMinimization;0081-crossing_minimization-9-0.asp;1.8399632099;0.7390204645;1.1009427455;0.4016495876;0.5983504124;0.2682147064;0.0001682652;0.0817768804;0.5771495878;0.0000000000;0.0726905603;0.0001682652;idlv+wasp
CrossingMinimization;0052-crossing_minimization-8-0.asp;1.7756211180;0.7045807453;1.0710403727;0.3968080455;0.6031919545;0.2692198582;0.0002836879;0.0907801418;0.5602836879;0.0000000000;0.0794326241;0.0002836879;idlv+wasp
CrossingMinimization;0079-crossing_minimization-8-0.asp;1.7798347107;0.6981818182;1.0816528926;0.3922734027;0.6077265973;0.2698527637;0.0002413710;0.0926864591;0.5561187545;0.0000000000;0.0811006517;0.0002413710;idlv+wasp
CrossingMinimization;0009-crossing_minimization-9-0.asp;1.7756512493;0.6980329612;1.0776182881;0.3931137725;0.6068862275;0.2626421011;0.0003920031;0.0952567621;0.5570364563;0.0000000000;0.0846726774;0.0003920031;idlv+wasp
CrossingMinimization;0078-crossing_minimization-9-0.asp;1.8366487245;0.7343786567;1.1022700679;0.3998470948;0.6001529052;0.2713165075;0.0001705321;0.0828785812;0.5719645293;0.0000000000;0.0736698499;0.0001705321;idlv+wasp
CrossingMinimization;0024-crossing_minimization-8-0.asp;1.7660965795;0.6936619718;1.0724346076;0.3927655938;0.6072344062;0.2658788774;0.0003692762;0.0945347120;0.5564992614;0.0000000000;0.0827178730;0.0003692762;idlv+wasp
CrossingMinimization;0040-crossing_minimization-9-0.asp;1.8286583305;0.7441703278;1.0844880027;0.4069488080;0.5930511920;0.2572791165;0.0002510040;0.0813253012;0.5888554217;0.0000000000;0.0722891566;0.0002510040;idlv+wasp
CrossingMinimization;0044-crossing_minimization-10-0.asp;1.8669688083;0.7544654759;1.1125033324;0.4041125232;0.5958874768;0.2640769080;0.0001961938;0.0784775358;0.5866195801;0.0000000000;0.0706297822;0.0001961938;idlv+wasp
CrossingMinimization;0043-crossing_minimization-10-0.asp;1.8675530555;0.7645103554;1.1030427001;0.4093647317;0.5906352683;0.2597009275;0.0001892864;0.0757145561;0.5962521295;0.0000000000;0.0681431005;0.0001892864;idlv+wasp
CrossingMinimization;0013-crossing_minimization-10-0.asp;1.8539325843;0.7573735955;1.0965589888;0.4085227273;0.5914772727;0.2526895828;0.0002623983;0.0787194962;0.5974809761;0.0000000000;0.0708475466;0.0002623983;idlv+wasp
CrossingMinimization;0049-crossing_minimization-8-0.asp;1.7899891186;0.7102829162;1.0797062024;0.3968085106;0.6031914894;0.2709242364;0.0001983340;0.0888536295;0.5622768743;0.0000000000;0.0777469258;0.0001983340;idlv+wasp
CrossingMinimization;0028-crossing_minimization-8-0.asp;1.7666831438;0.6989619377;1.0677212061;0.3956351427;0.6043648573;0.2616788321;0.0003649635;0.0934306569;0.5627737226;0.0000000000;0.0817518248;0.0003649635;idlv+wasp
CrossingMinimization;0004-crossing_minimization-9-0.asp;1.7910523640;0.7112353838;1.0798169802;0.3971047403;0.6028952597;0.2552063612;0.0003786445;0.0920106020;0.5706171905;0.0000000000;0.0817872018;0.0003786445;idlv+wasp
CrossingMinimization;0019-crossing_minimization-10-0.asp;1.8155770783;0.7211460856;1.0944309927;0.3971993776;0.6028006224;0.2607398568;0.0002983294;0.0894988067;0.5689140811;0.0000000000;0.0805489260;0.0002983294;idlv+wasp
CrossingMinimization;0046-crossing_minimization-10-0.asp;1.8846341463;0.7753658537;1.1092682927;0.4114145205;0.5885854795;0.2579185520;0.0001809955;0.0723981900;0.6043438914;0.0000000000;0.0651583710;0.0001809955;idlv+wasp
CrossingMinimization;0036-crossing_minimization-9-0.asp;1.8284914246;0.7350367518;1.0934546727;0.4019908116;0.5980091884;0.2632800413;0.0002578649;0.0835482207;0.5786487880;0.0000000000;0.0742650851;0.0002578649;idlv+wasp
CrossingMinimization;0074-crossing_minimization-8-0.asp;1.7923173017;0.7148657089;1.0774515928;0.3988499739;0.6011500261;0.2674445207;0.0002287806;0.0878517502;0.5676046671;0.0000000000;0.0768702814;0.0002287806;idlv+clasp
CrossingMinimization;0061-crossing_minimization-8-0.asp;1.7900701565;0.7126281705;1.0774419860;0.3981006934;0.6018993066;0.2668644906;0.0001978239;0.0886251236;0.5667655786;0.0000000000;0.0775469832;0.0001978239;idlv+wasp
CrossingMinimization;0038-crossing_minimization-9-0.asp;1.8073052553;0.7178531495;1.0894521059;0.3971952980;0.6028047020;0.2633168589;0.0002745744;0.0889621087;0.5683690280;0.0000000000;0.0790774300;0.0002745744;idlv+wasp
CrossingMinimization;0012-crossing_minimization-8-0.asp;1.7939297125;0.7164536741;1.0774760383;0.3993766696;0.6006233304;0.2730791562;0.0001935359;0.0867040836;0.5641571512;0.0000000000;0.0758660732;0.0001935359;idlv+wasp
CrossingMinimization;0073-crossing_minimization-9-0.asp;1.8407298941;0.7443117819;1.0964181122;0.4043568719;0.5956431281;0.2661596958;0.0001653166;0.0803438585;0.5819143660;0.0000000000;0.0714167631;0.0001653166;idlv+wasp
CrossingMinimization;0031-crossing_minimization-8-0.asp;1.7701149425;0.6939655172;1.0761494253;0.3920454545;0.6079545455;0.2740926158;0.0002085941;0.0934501460;0.5504797664;0.0000000000;0.0817688778;0.0002085941;idlv+wasp
CrossingMinimization;0076-crossing_minimization-8-0.asp;1.7885659534;0.7083998722;1.0801660811;0.3960714286;0.6039285714;0.2701631702;0.0002331002;0.0895104895;0.5617715618;0.0000000000;0.0783216783;0.0002331002;idlv+wasp
CrossingMinimization;0037-crossing_minimization-8-0.asp;1.7972972973;0.7178060413;1.0794912560;0.3993808050;0.6006191950;0.2722715002;0.0001928268;0.0863864250;0.5655611261;0.0000000000;0.0755881219;0.0001928268;idlv+wasp
CrossingMinimization;0050-crossing_minimization-10-0.asp;1.8849816850;0.7750915751;1.1098901099;0.4111931597;0.5888068403;0.2516447368;0.0001827485;0.0730994152;0.6092836257;0.0000000000;0.0657894737;0.0001827485;idlv+wasp
CrossingMinimization;0005-crossing_minimization-9-0.asp;1.8119458703;0.7349510033;1.0769948670;0.4056142158;0.5943857842;0.2533101045;0.0003484321;0.0846689895;0.5864111498;0.0000000000;0.0752613240;0.0003484321;idlv+wasp
CrossingMinimization;0034-crossing_minimization-9-0.asp;1.8241758242;0.7316554413;1.0925203828;0.4010882239;0.5989117761;0.2630616510;0.0002612330;0.0846394984;0.5768025078;0.0000000000;0.0752351097;0.0002612330;idlv+wasp
CrossingMinimization;0025-crossing_minimization-8-0.asp;1.7623073098;0.6971655893;1.0651417205;0.3955981941;0.6044018059;0.2606617647;0.0003676471;0.0941176471;0.5625000000;0.0000000000;0.0823529412;0.0003676471;idlv+wasp
CrossingMinimization;0035-crossing_minimization-9-0.asp;1.8226671434;0.7293528781;1.0933142653;0.4001569243;0.5998430757;0.2637536194;0.0002632272;0.0852856015;0.5748881285;0.0000000000;0.0758094235;0.0002632272;idlv+wasp
CrossingMinimization;0068-crossing_minimization-9-0.asp;1.8279174908;0.7326928511;1.0952246397;0.4008347503;0.5991652497;0.2663764511;0.0002072968;0.0839552239;0.5748341625;0.0000000000;0.0746268657;0.0002072968;idlv+wasp
CrossingMinimization;0006-crossing_minimization-9-0.asp;1.8275543227;0.7374017568;1.0901525659;0.4034910195;0.5965089805;0.2572115385;0.0003434066;0.0834478022;0.5848214286;0.0000000000;0.0741758242;0.0003434066;idlv+wasp
CrossingMinimization;0070-crossing_minimization-9-0.asp;1.8248651717;0.7314788533;1.0933863185;0.4008399440;0.5991600560;0.2666527893;0.0002081599;0.0843047460;0.5738967527;0.0000000000;0.0749375520;0.0002081599;idlv+wasp
CrossingMinimization;0058-crossing_minimization-8-0.asp;1.7580246914;0.6868312757;1.0711934156;0.3906835206;0.6093164794;0.2665258074;0.0003018412;0.0965891941;0.5520676124;0.0000000000;0.0845155448;0.0003018412;idlv+wasp
CrossingMinimization;0010-crossing_minimization-9-0.asp;1.7900050480;0.7132761232;1.0767289248;0.3984771574;0.6015228426;0.2527348171;0.0003772161;0.0916635232;0.5737457563;0.0000000000;0.0814786873;0.0003772161;idlv+wasp
CrossingMinimization;0041-crossing_minimization-10-0.asp;1.8750649351;0.7607792208;1.1142857143;0.4057348663;0.5942651337;0.2649866361;0.0001909126;0.0763650248;0.5897289042;0.0000000000;0.0687285223;0.0001909126;idlv+wasp
CrossingMinimization;0042-crossing_minimization-8-0.asp;1.7881992764;0.7035903145;1.0846089619;0.3934630350;0.6065369650;0.2709009740;0.0002029221;0.0909090909;0.5584415584;0.0000000000;0.0795454545;0.0002029221;idlv+wasp
CrossingMinimization;0059-crossing_minimization-8-0.asp;1.7655618432;0.6924009701;1.0731608731;0.3921703297;0.6078296703;0.2712812960;0.0002945508;0.0942562592;0.5516936672;0.0000000000;0.0824742268;0.0002945508;idlv+wasp
CrossingMinimization;0007-crossing_minimization-9-0.asp;1.8016691213;0.7211585665;1.0805105547;0.4002724796;0.5997275204;0.2530253025;0.0003667033;0.0891089109;0.5782911624;0.0000000000;0.0792079208;0.0003667033;idlv+wasp
CrossingMinimization;0064-crossing_minimization-9-0.asp;1.8306340928;0.7403239089;1.0903101839;0.4044084570;0.5955915430;0.2619529984;0.0002025932;0.0820502431;0.5828606159;0.0000000000;0.0729335494;0.0002025932;idlv+wasp
CrossingMinimization;0082-crossing_minimization-9-0.asp;1.8487994809;0.7544884274;1.0943110534;0.4080964081;0.5919035919;0.2631495059;0.0001593880;0.0774625438;0.5903729678;0.0000000000;0.0688555945;0.0001593880;idlv+wasp
CrossingMinimization;0056-crossing_minimization-8-0.asp;1.7649676375;0.6921521036;1.0728155340;0.3921613569;0.6078386431;0.2677725118;0.0002962085;0.0947867299;0.5542061611;0.0000000000;0.0829383886;0.0002962085;idlv+wasp
CrossingMinimization;0069-crossing_minimization-9-0.asp;1.8478212291;0.7463687151;1.1014525140;0.4039182489;0.5960817511;0.2661528370;0.0001639882;0.0796982617;0.5831420138;0.0000000000;0.0708428993;0.0001639882;idlv+wasp
CrossingMinimization;0084-crossing_minimization-9-0.asp;1.8425087108;0.7363530778;1.1061556330;0.3996469995;0.6003530005;0.2719431761;0.0001691189;0.0821917808;0.5726365635;0.0000000000;0.0730593607;0.0001691189;idlv+wasp
CrossingMinimization;0065-crossing_minimization-9-0.asp;1.8437582476;0.7503299023;1.0934283452;0.4069567707;0.5930432293;0.2635568513;0.0001943635;0.0787172012;0.5875607386;0.0000000000;0.0699708455;0.0001943635;idlv+wasp
CrossingMinimization;0085-crossing_minimization-9-0.asp;1.8517233904;0.7539562107;1.0977671797;0.4071645985;0.5928354015;0.2645089286;0.0001594388;0.0774872449;0.5889668367;0.0000000000;0.0688775510;0.0001594388;idlv+wasp
CrossingMinimization;0027-crossing_minimization-8-0.asp;1.7607922803;0.6907059421;1.0700863382;0.3922699740;0.6077300260;0.2661200149;0.0003727171;0.0954155796;0.5546030563;0.0000000000;0.0834886321;0.0003727171;idlv+wasp
CrossingMinimization;0080-crossing_minimization-8-0.asp;1.7925973197;0.7086790045;1.0839183153;0.3953364187;0.6046635813;0.2718401487;0.0002323420;0.0892193309;0.5606412639;0.0000000000;0.0780669145;0.0002323420;idlv+wasp
CrossingMinimization;0062-crossing_minimization-9-0.asp;1.8313617607;0.7397524072;1.0916093535;0.4039357068;0.5960642932;0.2678751259;0.0002014099;0.0815709970;0.5778449144;0.0000000000;0.0725075529;0.0002014099;idlv+wasp
CrossingMinimization;0022-crossing_minimization-8-0.asp;1.7770302739;0.7073522345;1.0696780394;0.3980530016;0.6019469984;0.2607460036;0.0003552398;0.0909413854;0.5683836590;0.0000000000;0.0795737123;0.0003552398;idlv+wasp
CrossingMinimization;0045-crossing_minimization-10-0.asp;1.8748148148;0.7725925926;1.1022222222;0.4120900830;0.5879099170;0.2585133651;0.0001830831;0.0732332479;0.6021603808;0.0000000000;0.0659099231;0.0001830831;idlv+wasp
CrossingMinimization;0075-crossing_minimization-8-0.asp;1.7922077922;0.7108013937;1.0814063985;0.3966065748;0.6033934252;0.2687051193;0.0002316423;0.0889506602;0.5642807505;0.0000000000;0.0778318277;0.0002316423;idlv+wasp
CrossingMinimization;0029-crossing_minimization-8-0.asp;1.7732813262;0.7030716724;1.0702096538;0.3964806159;0.6035193841;0.2624955052;0.0003595829;0.0920532183;0.5645451277;0.0000000000;0.0805465660;0.0003595829;idlv+wasp
CrossingMinimization;0033-crossing_minimization-9-0.asp;1.8177889809;0.7274036730;1.0903853079;0.4001584786;0.5998415214;0.2631997877;0.0002653224;0.0859644468;0.5741576015;0.0000000000;0.0764128416;0.0002653224;idlv+wasp
CrossingMinimization;0026-crossing_minimization-8-0.asp;1.8061304690;0.7209850668;1.0851454021;0.3991876994;0.6008123006;0.2687739464;0.0001915709;0.0858237548;0.5701149425;0.0000000000;0.0750957854;0.0001915709;idlv+wasp
CrossingMinimization;0048-crossing_minimization-10-0.asp;1.8762223366;0.7629953680;1.1132269686;0.4066657523;0.5933342477;0.2595274390;0.0001905488;0.0762195122;0.5954649390;0.0000000000;0.0685975610;0.0001905488;NONE
CrossingMinimization;0002-crossing_minimization-9-0.asp;1.7945137157;0.7167082294;1.0778054863;0.3993885492;0.6006114508;0.2554771630;0.0003713331;0.0902339398;0.5737096175;0.0000000000;0.0802079465;0.0003713331;idlv+wasp
CrossingMinimization;0060-crossing_minimization-8-0.asp;1.7746144721;0.6990905496;1.0755239225;0.3939393939;0.6060606061;0.2711815562;0.0002881844;0.0922190202;0.5556195965;0.0000000000;0.0806916427;0.0002881844;idlv+wasp
CrossingMinimization;0072-crossing_minimization-8-0.asp;1.7819720143;0.7028961926;1.0790758217;0.3944485026;0.6055514974;0.2743801653;0.0002361275;0.0906729634;0.5553719008;0.0000000000;0.0793388430;0.0002361275;idlv+wasp
CrossingMinimization;0016-crossing_minimization-10-0.asp;1.8592794018;0.7651257648;1.0941536370;0.4115173675;0.5884826325;0.2479550102;0.0002556237;0.0766871166;0.6060838446;0.0000000000;0.0690184049;0.0002556237;idlv+wasp
CrossingMinimization;0020-crossing_minimization-8-0.asp;1.7926128591;0.7086183311;1.0839945280;0.3952991453;0.6047008547;0.2729261985;0.0001989258;0.0891187587;0.5597772031;0.0000000000;0.0779789139;0.0001989258;idlv+wasp
CrossingMinimization;0051-crossing_minimization-8-0.asp;1.7963594994;0.7114144862;1.0849450133;0.3960312434;0.6039687566;0.2707411504;0.0002765487;0.0884955752;0.5630530973;0.0000000000;0.0774336283;0.0002765487;idlv+wasp
CrossingMinimization;0030-crossing_minimization-8-0.asp;1.7691154423;0.6956521739;1.0734632684;0.3932203390;0.6067796610;0.2683729433;0.0003656307;0.0936014625;0.5557586837;0.0000000000;0.0819012797;0.0003656307;idlv+wasp
CrossingMinimization;0014-crossing_minimization-10-0.asp;1.8352984525;0.7453942520;1.0899042004;0.4061433447;0.5938566553;0.2517231872;0.0002757100;0.0827129859;0.5908464296;0.0000000000;0.0744416873;0.0002757100;idlv+wasp
CrossingMinimization;0057-crossing_minimization-8-0.asp;1.7681854516;0.6958433253;1.0723421263;0.3935352622;0.6064647378;0.2705539359;0.0002915452;0.0932944606;0.5542274052;0.0000000000;0.0816326531;0.0002915452;idlv+wasp
CrossingMinimization;0015-crossing_minimization-10-0.asp;1.8420256992;0.7388510960;1.1031746032;0.4011079196;0.5988920804;0.2584080717;0.0002802691;0.0840807175;0.5815582960;0.0000000000;0.0756726457;0.0002802691;idlv+wasp
CrossingMinimization;0001-crossing_minimization-9-0.asp;1.7967278136;0.7183936539;1.0783341596;0.3998344371;0.6001655629;0.2576370997;0.0003680530;0.0894368789;0.5730585204;0.0000000000;0.0794994479;0.0003680530;idlv+wasp
CrossingMinimization;0053-crossing_minimization-8-0.asp;1.7931495852;0.7150120417;1.0781375435;0.3987464558;0.6012535442;0.2679725759;0.0001958864;0.0877571009;0.5672869736;0.0000000000;0.0767874633;0.0001958864;idlv+wasp
CrossingMinimization;0063-crossing_minimization-9-0.asp;1.8353943391;0.7400384721;1.0953558670;0.4032040725;0.5967959275;0.2611167513;0.0002030457;0.0822335025;0.5833502538;0.0000000000;0.0730964467;0.0002030457;idlv+wasp
CrossingMinimization;0003-crossing_minimization-9-0.asp;1.7989157220;0.7200591424;1.0788565796;0.4002739726;0.5997260274;0.2575923893;0.0003658983;0.0889132821;0.5740944018;0.0000000000;0.0790340285;0.0003658983;idlv+wasp
CrossingMinimization;0054-crossing_minimization-8-0.asp;1.7715654952;0.6960862620;1.0754792332;0.3929215509;0.6070784491;0.2691185055;0.0002918856;0.0934033859;0.5554582604;0.0000000000;0.0817279626;0.0002918856;idlv+wasp
CrossingMinimization;0055-crossing_minimization-8-0.asp;1.7879017013;0.7122873346;1.0756143667;0.3983928949;0.6016071051;0.2660932297;0.0002774695;0.0887902331;0.5671476138;0.0000000000;0.0776914539;0.0002774695;idlv+wasp
CrossingMinimization;0008-crossing_minimization-9-0.asp;1.8048192771;0.7262650602;1.0785542169;0.4024032043;0.5975967957;0.2527907814;0.0003601008;0.0875045013;0.5815628376;0.0000000000;0.0777817789;0.0003601008;idlv+wasp
CrossingMinimization;0011-crossing_minimization-10-0.asp;1.8579680598;0.7652055725;1.0927624873;0.4118507681;0.5881492319;0.2442218798;0.0002568053;0.0770416025;0.6091422702;0.0000000000;0.0693374422;0.0002568053;idlv+clasp-crafty
CrossingMinimization;0018-crossing_minimization-10-0.asp;1.8710206761;0.7732195602;1.0978011159;0.4132608314;0.5867391686;0.2487672584;0.0002465483;0.0739644970;0.6104536489;0.0000000000;0.0665680473;0.0002465483;idlv+wasp
CrossingMinimization;0017-crossing_minimization-10-0.asp;1.8534965035;0.7583916084;1.0951048951;0.4091680815;0.5908319185;0.2465753425;0.0002634352;0.0790305585;0.6030031612;0.0000000000;0.0711275026;0.0002634352;idlv+wasp
CrossingMinimization;0067-crossing_minimization-9-0.asp;1.8112319906;0.7218465157;1.0893854749;0.3985389610;0.6014610390;0.2643305213;0.0002163098;0.0876054510;0.5699762059;0.0000000000;0.0778715120;0.0002163098;idlv+wasp
CrossingMinimization;0032-crossing_minimization-9-0.asp;1.8121645796;0.7291592129;1.0830053667;0.4023692004;0.5976307996;0.2566489362;0.0002659574;0.0861702128;0.5803191489;0.0000000000;0.0765957447;0.0002659574;idlv+wasp
CrossingMinimization;0021-crossing_minimization-8-0.asp;1.7743842365;0.7000000000;1.0743842365;0.3945030539;0.6054969461;0.2639593909;0.0003625816;0.0928208847;0.5616388687;0.0000000000;0.0812182741;0.0003625816;idlv+wasp
CrossingMinimization;0066-crossing_minimization-9-0.asp;1.8227208976;0.7346423562;1.0880785414;0.4030470914;0.5969529086;0.2591438071;0.0002078138;0.0841645885;0.5816708229;0.0000000000;0.0748129676;0.0002078138;idlv+wasp
CrossingMinimization;0071-crossing_minimization-8-0.asp;1.7824675325;0.7035714286;1.0788961039;0.3947176685;0.6052823315;0.2739273927;0.0002357379;0.0905233380;0.5561056106;0.0000000000;0.0792079208;0.0002357379;idlv+wasp
CrossingMinimization;0023-crossing_minimization-8-0.asp;1.7778869779;0.7007371007;1.0771498771;0.3941404091;0.6058595909;0.2690373563;0.0003591954;0.0919540230;0.5581896552;0.0000000000;0.0804597701;0.0003591954;idlv+wasp
CombinedConfiguration;000257_10_combined_configuration_problem-0-0.asp;1.7696016992;0.2635118974;1.5060898019;0.1489102873;0.8510897127;0.1714047883;0.0000000000;0.1631679087;0.6330030125;0.0005073728;0.0319169177;0.0000475662;idlv+clasp
CombinedConfiguration;000257_3_combined_configuration_problem-0-0.asp;1.7730764550;0.2649541442;1.5081223108;0.1494318778;0.8505681222;0.1589117645;0.0000000000;0.1665954103;0.6423612157;0.0004817333;0.0316498763;0.0000361300;idlv+clasp-trendy
CombinedConfiguration;000306_3_combined_configuration_problem-0-0.asp;1.7837629090;0.2639720559;1.5197908531;0.1479860662;0.8520139338;0.1676718938;0.0000000000;0.1648945776;0.6364135420;0.0003611595;0.0306588271;0.0000216696;idlv+clasp-frumpy
CombinedConfiguration;000231_combined_configuration_problem-0-0.asp;1.7768522860;0.2599130283;1.5169392577;0.1462772287;0.8537227713;0.1938350479;0.0000000000;0.1578295930;0.6167472058;0.0004743411;0.0311138122;0.0000444695;idlv+clasp-handy
CombinedConfiguration;000551_combined_configuration_problem-0-0.asp;1.7828280289;0.2678637270;1.5149643019;0.1502465312;0.8497534688;0.1795996446;0.0000000000;0.1643547203;0.6259940567;0.0002062447;0.0298453336;0.0000103122;NONE
CombinedConfiguration;000306_combined_configuration_problem-0-0.asp;1.7787153379;0.2638237094;1.5148916284;0.1483226145;0.8516773855;0.1951272488;0.0000000000;0.1586425378;0.6149636583;0.0003602382;0.0309063169;0.0000317857;idlv+clasp-jumpy
CombinedConfiguration;000927_combined_configuration_problem-0-0.asp;1.7904339565;0.2691431165;1.5212908399;0.1503228396;0.8496771604;0.1707174542;0.0000000000;0.1671939585;0.6327441009;0.0001245484;0.0292199380;0.0000033361;NONE
CombinedConfiguration;000306_14_combined_configuration_problem-0-0.asp;1.7810342275;0.2640850284;1.5169491990;0.1482762231;0.8517237769;0.1927116078;0.0000000000;0.1598514163;0.6165248422;0.0003364827;0.0305756510;0.0000265644;idlv+clasp-tweety
CombinedConfiguration;grid_000841_combined_configuration_problem-0-0.asp;1.7973322410;0.2505417951;1.5467904459;0.1393964841;0.8606035159;0.1495609489;0.0000000000;0.1525093088;0.6666928178;0.0001209190;0.0311160055;0.0000014395;NONE
CombinedConfiguration;000237_10_combined_configuration_problem-0-0.asp;1.7789240722;0.2675434116;1.5113806605;0.1503961950;0.8496038050;0.1508830513;0.0000000000;0.1698053204;0.6476287535;0.0003758434;0.0313070315;0.0000216833;idlv+clasp-crafty
CombinedConfiguration;000306_7_combined_configuration_problem-0-0.asp;1.7855275099;0.2650585268;1.5204689831;0.1484483019;0.8515516981;0.1616256053;0.0000000000;0.1666935323;0.6405833919;0.0003481782;0.0307492924;0.0000193432;idlv+clasp-jumpy
CombinedConfiguration;000993_combined_configuration_problem-0-0.asp;1.7900228326;0.2691469558;1.5208758768;0.1503595099;0.8496404901;0.1810429962;0.0000000000;0.1650860259;0.6248436358;0.0001144062;0.0289129358;0.0000032379;NONE
CombinedConfiguration;000138_combined_configuration_problem-0-0.asp;1.7583937407;0.2625474629;1.4958462778;0.1493109631;0.8506890369;0.1698188904;0.0000000000;0.1617759438;0.6336542870;0.0008405930;0.0339102858;0.0001146263;idlv+clasp-tweety
CombinedConfiguration;000306_18_combined_configuration_problem-0-0.asp;1.7812327437;0.2642430070;1.5169897367;0.1483483885;0.8516516115;0.1775907294;0.0000000000;0.1629096034;0.6285127041;0.0003445171;0.0306424461;0.0000234898;idlv+clasp-trendy
CombinedConfiguration;000306_17_combined_configuration_problem-0-0.asp;1.7860046105;0.2652066650;1.5207979455;0.1484915904;0.8515084096;0.1492031450;0.0000000000;0.1689453069;0.6506311183;0.0003555596;0.0308648701;0.0000172045;idlv+clasp-frumpy
CombinedConfiguration;000292_combined_configuration_problem-0-0.asp;1.7934702173;0.2572984522;1.5361717651;0.1434640229;0.8565359771;0.2341982807;0.0000000000;0.1494528562;0.5876347905;0.0003511937;0.0283628788;0.0000239450;idlv+clasp-tweety
CombinedConfiguration;000044_combined_configuration_problem-0-0.asp;1.7016174010;0.2422383343;1.4593790667;0.1423576969;0.8576423031;0.2576593983;0.0000000000;0.1380071764;0.5615512007;0.0022081148;0.0405741099;0.0008280431;idlv+clasp
CombinedConfiguration;000394_combined_configuration_problem-0-0.asp;1.7806241605;0.2664511845;1.5141729759;0.1496392054;0.8503607946;0.1788340953;0.0000000000;0.1636609770;0.6266980449;0.0002882955;0.0305185872;0.0000188019;idlv+clasp-crafty
CombinedConfiguration;000237_15_combined_configuration_problem-0-0.asp;1.7704149875;0.2647843083;1.5056306792;0.1495605890;0.8504394110;0.1692438939;0.0000000000;0.1638958786;0.6345498993;0.0004874866;0.0318228416;0.0000430135;idlv+clasp-frumpy
CombinedConfiguration;grid_000484_combined_configuration_problem-0-0.asp;1.7932535426;0.2513449347;1.5419086078;0.1401614043;0.8598385957;0.1475006276;0.0000000000;0.1539206573;0.6666393066;0.0002134082;0.0317260003;0.0000041040;NONE
CombinedConfiguration;000154_combined_configuration_problem-0-0.asp;1.7530037478;0.2590939153;1.4939098325;0.1477999780;0.8522000220;0.2213710975;0.0000000000;0.1497693381;0.5943139148;0.0006866216;0.0338590280;0.0001287416;idlv+clasp-trendy
CombinedConfiguration;000580_combined_configuration_problem-0-0.asp;1.7917987102;0.2665747469;1.5252239633;0.1487749407;0.8512250593;0.1676938229;0.0000000000;0.1661600712;0.6362822734;0.0001991570;0.0296646755;0.0000072862;idlv+clasp-crafty
CombinedConfiguration;000189_combined_configuration_problem-0-0.asp;1.7702180028;0.2556098964;1.5146081064;0.1443945864;0.8556054136;0.2431320841;0.0000000000;0.1469631171;0.5782839585;0.0005322559;0.0310885843;0.0000725804;idlv+clasp-frumpy
CombinedConfiguration;grid_000361_combined_configuration_problem-0-0.asp;1.7914879876;0.2501921957;1.5412957918;0.1396560834;0.8603439166;0.1512139740;0.0000000000;0.1524071399;0.6642564464;0.0002828897;0.0318395500;0.0000075437;NONE
CombinedConfiguration;000257_8_combined_configuration_problem-0-0.asp;1.7676348548;0.2632499230;1.5043849318;0.1489277733;0.8510722267;0.1881582818;0.0000000000;0.1604368932;0.6193439247;0.0004413063;0.0316195940;0.0000441306;idlv+clasp-tweety
CombinedConfiguration;000257_6_combined_configuration_problem-0-0.asp;1.7705771836;0.2645956220;1.5059815616;0.1494403206;0.8505596794;0.1674608775;0.0000000000;0.1645216911;0.6356427288;0.0004947146;0.0318799881;0.0000436513;idlv+clasp-tweety
CombinedConfiguration;grid_001024_combined_configuration_problem-0-0.asp;1.7974730055;0.2517814272;1.5456915783;0.1400752203;0.8599247797;0.1474664006;0.0000000000;0.1537453308;0.6674720886;0.0001003475;0.0312158325;0.0000009512;NONE
CombinedConfiguration;000046_combined_configuration_problem-0-0.asp;1.6965090090;0.2481231231;1.4483858859;0.1462551167;0.8537448833;0.2262561719;0.0000000000;0.1413011908;0.5891664246;0.0023235550;0.0409526576;0.0008713331;idlv+clasp
CombinedConfiguration;000306_19_combined_configuration_problem-0-0.asp;1.7806610035;0.2642307255;1.5164302780;0.1483891235;0.8516108765;0.1881215555;0.0000000000;0.1607885095;0.6203893285;0.0003232858;0.0303773207;0.0000230918;idlv+clasp-trendy
CombinedConfiguration;000309_combined_configuration_problem-0-0.asp;1.7718580222;0.2655087012;1.5063493211;0.1498476164;0.8501523836;0.1853435588;0.0000000000;0.1613460849;0.6218043061;0.0003639224;0.0311421278;0.0000321108;idlv+clasp-handy
CombinedConfiguration;000116_combined_configuration_problem-0-0.asp;1.7447379282;0.2541890219;1.4905489063;0.1456889415;0.8543110585;0.2267432583;0.0000000000;0.1468645285;0.5905536940;0.0008935695;0.0349449497;0.0001914792;idlv+clasp-tweety
CombinedConfiguration;000306_11_combined_configuration_problem-0-0.asp;1.7826789172;0.2645585266;1.5181203906;0.1484050347;0.8515949653;0.1762070429;0.0000000000;0.1634077217;0.6296071277;0.0003258379;0.0304522698;0.0000203649;idlv+clasp-tweety
CombinedConfiguration;000206_combined_configuration_problem-0-0.asp;1.7683856233;0.2639980767;1.5043875466;0.1492876176;0.8507123824;0.1747023810;0.0000000000;0.1621924603;0.6300793651;0.0005555556;0.0324702381;0.0000595238;idlv+clasp
CombinedConfiguration;000102_combined_configuration_problem-0-0.asp;1.7270200265;0.2467622718;1.4802577548;0.1428832718;0.8571167282;0.2920840787;0.0000000000;0.1344812165;0.5372987478;0.0008944544;0.0352415027;0.0002683363;idlv+clasp-tweety
CombinedConfiguration;grid_000400_combined_configuration_problem-0-0.asp;1.7918624615;0.2512859528;1.5405765087;0.1402372996;0.8597627004;0.1456813910;0.0000000000;0.1543671148;0.6677235728;0.0002603692;0.0319675522;0.0000057860;NONE
CombinedConfiguration;000237_14_combined_configuration_problem-0-0.asp;1.7769568931;0.2671199494;1.5098369437;0.1503243835;0.8496756165;0.1491315952;0.0000000000;0.1696530487;0.6493451037;0.0004105933;0.0314596592;0.0000246356;idlv+clasp-tweety
CombinedConfiguration;grid_000625_combined_configuration_problem-0-0.asp;1.7956179188;0.2504686772;1.5451492415;0.1394888493;0.8605111507;0.1506274772;0.0000000000;0.1523824185;0.6655303852;0.0001626150;0.0312971042;0.0000026018;NONE
CombinedConfiguration;grid_000529_combined_configuration_problem-0-0.asp;1.7948221132;0.2504805587;1.5443415544;0.1395573171;0.8604426829;0.1465301956;0.0000000000;0.1531853251;0.6685423085;0.0001948176;0.0315473532;0.0000034179;NONE
CombinedConfiguration;000040_combined_configuration_problem-0-0.asp;1.6945045435;0.2470791865;1.4474253570;0.1458120531;0.8541879469;0.2242363209;0.0000000000;0.1421617993;0.5896273917;0.0026854649;0.0412890232;0.0010070493;idlv+clasp
CombinedConfiguration;000306_20_combined_configuration_problem-0-0.asp;1.7797939454;0.2643559986;1.5154379468;0.1485318002;0.8514681998;0.2059191882;0.0000000000;0.1572594261;0.6062722536;0.0003077568;0.0302413753;0.0000256464;idlv+clasp-crafty
CombinedConfiguration;000135_combined_configuration_problem-0-0.asp;1.7522816167;0.2552616875;1.4970199292;0.1456738946;0.8543261054;0.2239273411;0.0000000000;0.1494856537;0.5919439158;0.0007709172;0.0338721723;0.0001445470;idlv+clasp-tweety
CombinedConfiguration;grid_000196_combined_configuration_problem-0-0.asp;1.7838186301;0.2497882512;1.5340303789;0.1400300720;0.8599699280;0.1517410949;0.0000000000;0.1534175275;0.6614524292;0.0005268788;0.0328620695;0.0000239490;idlv+clasp-crafty
CombinedConfiguration;000054_combined_configuration_problem-0-0.asp;1.6974081730;0.2486881857;1.4487199873;0.1465105386;0.8534894614;0.2253017985;0.0000000000;0.1407982262;0.5912786401;0.0019709288;0.0406504065;0.0007390983;idlv+clasp
CombinedConfiguration;000024_combined_configuration_problem-0-0.asp;1.6842297841;0.2411269667;1.4431028174;0.1431674995;0.8568325005;0.2218109339;0.0000000000;0.1446469248;0.5862756264;0.0045558087;0.0427107062;0.0017084282;idlv+clasp
CombinedConfiguration;000306_12_combined_configuration_problem-0-0.asp;1.7800799253;0.2637082928;1.5163716325;0.1481440743;0.8518559257;0.1909487118;0.0000000000;0.1599694554;0.6183503455;0.0003249430;0.0304065444;0.0000243707;idlv+wasp
CombinedConfiguration;grid_000441_combined_configuration_problem-0-0.asp;1.7931112410;0.2503048799;1.5428063610;0.1395924994;0.8604075006;0.1518372252;0.0000000000;0.1522404323;0.6640992079;0.0002305273;0.0315926072;0.0000051804;NONE
CombinedConfiguration;000464_combined_configuration_problem-0-0.asp;1.7904022273;0.2633130632;1.5270891640;0.1470692223;0.8529307777;0.2191129388;0.0000000000;0.1541063366;0.5978085502;0.0002288481;0.0287433262;0.0000137309;idlv+clasp-crafty
CombinedConfiguration;000306_13_combined_configuration_problem-0-0.asp;1.7820387099;0.2644964143;1.5175422957;0.1484234954;0.8515765046;0.1736060803;0.0000000000;0.1638855805;0.6313086044;0.0003601701;0.0308395647;0.0000245571;idlv+clasp-trendy
CombinedConfiguration;000058_combined_configuration_problem-0-0.asp;1.7140968634;0.2527340464;1.4613628170;0.1474444367;0.8525555633;0.2063143838;0.0000000000;0.1472720336;0.6055894697;0.0019076688;0.0389164441;0.0005723006;idlv+clasp-frumpy
CombinedConfiguration;000029_combined_configuration_problem-0-0.asp;1.6829268293;0.2435975610;1.4393292683;0.1447463768;0.8552536232;0.2190476190;0.0000000000;0.1435714286;0.5907142857;0.0038095238;0.0428571429;0.0014285714;idlv+clasp
CombinedConfiguration;grid_000289_combined_configuration_problem-0-0.asp;1.7894916517;0.2500487688;1.5394428829;0.1397317325;0.8602682675;0.1497992800;0.0000000000;0.1527356339;0.6649409148;0.0003562072;0.0321679640;0.0000113082;NONE
CombinedConfiguration;grid_000225_combined_configuration_problem-0-0.asp;1.7870796048;0.2498426511;1.5372369537;0.1398049927;0.8601950073;0.1472276673;0.0000000000;0.1532892280;0.6664216373;0.0004638057;0.0325976617;0.0000175021;NONE
CombinedConfiguration;000257_combined_configuration_problem-0-0.asp;1.7687378797;0.2641667933;1.5045710864;0.1493532741;0.8506467259;0.1838742615;0.0000000000;0.1608562468;0.6231638830;0.0004376048;0.0316680038;0.0000437605;idlv+clasp-frumpy
CombinedConfiguration;000053_combined_configuration_problem-0-0.asp;1.7000311333;0.2439290162;1.4561021171;0.1434850288;0.8565149712;0.2538041584;0.0000000000;0.1374143338;0.5665001742;0.0018585202;0.0404228133;0.0006969451;idlv+clasp
CombinedConfiguration;000390_combined_configuration_problem-0-0.asp;1.7809587753;0.2651844463;1.5157743291;0.1488998229;0.8511001771;0.1834608890;0.0000000000;0.1621612308;0.6238052424;0.0002882142;0.0302844236;0.0000187966;idlv+clasp-crafty
CombinedConfiguration;grid_000784_combined_configuration_problem-0-0.asp;1.7963097918;0.2518049833;1.5445048085;0.1401790406;0.8598209594;0.1446727443;0.0000000000;0.1543742973;0.6693650714;0.0001324629;0.0314554240;0.0000015493;NONE
CombinedConfiguration;000563_combined_configuration_problem-0-0.asp;1.7919908405;0.2654448287;1.5265460117;0.1481284517;0.8518715483;0.1835533451;0.0000000000;0.1623362394;0.6246439082;0.0001997165;0.0292667907;0.0000083215;idlv+clasp-crafty
CombinedConfiguration;000237_13_combined_configuration_problem-0-0.asp;1.7694604648;0.2642306249;1.5052298399;0.1493283575;0.8506716425;0.1812231497;0.0000000000;0.1615032657;0.6253082323;0.0004470679;0.0315182844;0.0000419126;idlv+clasp-crafty
CombinedConfiguration;000081_combined_configuration_problem-0-0.asp;1.7093190702;0.2494342728;1.4598847974;0.1459261042;0.8540738958;0.2635964248;0.0000000000;0.1355097712;0.5605968793;0.0012119376;0.0390849871;0.0004544766;idlv+clasp
CombinedConfiguration;000385_combined_configuration_problem-0-0.asp;1.7901589308;0.2603817677;1.5297771631;0.1454517603;0.8545482397;0.2284418523;0.0000000000;0.1508840358;0.5917183351;0.0002698410;0.0286859358;0.0000183982;idlv+clasp-frumpy
CombinedConfiguration;000713_combined_configuration_problem-0-0.asp;1.7908196586;0.2671147222;1.5237049364;0.1491578010;0.8508421990;0.1873823087;0.0000000000;0.1626980851;0.6207655687;0.0001572494;0.0289967882;0.0000058969;NONE
CombinedConfiguration;grid_000961_combined_configuration_problem-0-0.asp;1.7979545390;0.2505533841;1.5474011549;0.1393546826;0.8606453174;0.1498293628;0.0000000000;0.1524301577;0.6666056299;0.0001056405;0.0310292090;0.0000011120;NONE
CombinedConfiguration;000080_combined_configuration_problem-0-0.asp;1.7140319716;0.2427471877;1.4712847839;0.1416234888;0.8583765112;0.3210960005;0.0000000000;0.1298318483;0.5110202988;0.0010718832;0.0369799692;0.0004019562;idlv+clasp-handy
CombinedConfiguration;000038_combined_configuration_problem-0-0.asp;1.6664665266;0.2416691684;1.4247973582;0.1450189155;0.8549810845;0.2615827976;0.0000000000;0.1312347595;0.5604078918;0.0026601640;0.0441143871;0.0013300820;idlv+clasp
CombinedConfiguration;000237_8_combined_configuration_problem-0-0.asp;1.7706083771;0.2650183150;1.5055900621;0.1496764154;0.8503235846;0.1629729856;0.0000000000;0.1656124401;0.6391079177;0.0004799008;0.0318267558;0.0000399917;idlv+clasp-crafty
CombinedConfiguration;000306_8_combined_configuration_problem-0-0.asp;1.7817035905;0.2646925578;1.5170110327;0.1485614999;0.8514385001;0.1760516733;0.0000000000;0.1634700188;0.6295511519;0.0003366819;0.0305904741;0.0000219575;idlv+clasp-trendy
CombinedConfiguration;000717_combined_configuration_problem-0-0.asp;1.7895857303;0.2682226640;1.5213630663;0.1498797512;0.8501202488;0.1723015251;0.0000000000;0.1663024812;0.6317492739;0.0001602727;0.0294864472;0.0000055909;NONE
CombinedConfiguration;grid_000576_combined_configuration_problem-0-0.asp;1.7943339428;0.2513327331;1.5430012097;0.1400702105;0.8599297895;0.1502978260;0.0000000000;0.1532955512;0.6647396418;0.0001774670;0.0314895140;0.0000030336;NONE
CombinedConfiguration;000237_combined_configuration_problem-0-0.asp;1.7669833544;0.2638295022;1.5031538522;0.1493106891;0.8506893109;0.1929415157;0.0000000000;0.1587393118;0.6158739312;0.0004685233;0.0319767180;0.0000540604;idlv+clasp-jumpy
CombinedConfiguration;000306_9_combined_configuration_problem-0-0.asp;1.7819105121;0.2647186202;1.5171918919;0.1485588745;0.8514411255;0.1752791756;0.0000000000;0.1636219110;0.6301716199;0.0003221593;0.0306051342;0.0000210104;idlv+clasp-jumpy
CombinedConfiguration;grid_000256_combined_configuration_problem-0-0.asp;1.7878545222;0.2509927755;1.5368617467;0.1403876951;0.8596123049;0.1426008330;0.0000000000;0.1552269484;0.6691582086;0.0004145373;0.0325994728;0.0000129543;idlv+clasp-tweety
CombinedConfiguration;000082_combined_configuration_problem-0-0.asp;1.7174939919;0.2506008121;1.4668931797;0.1459107358;0.8540892642;0.2296840089;0.0000000000;0.1454835621;0.5856367699;0.0012767316;0.0379189275;0.0003830195;idlv+clasp-crafty
CombinedConfiguration;000237_5_combined_configuration_problem-0-0.asp;1.7740303083;0.2662195069;1.5078108014;0.1500648020;0.8499351980;0.1636199975;0.0000000000;0.1666340860;0.6380638914;0.0004000600;0.0312819650;0.0000272768;idlv+clasp-crafty
CombinedConfiguration;000217_combined_configuration_problem-0-0.asp;1.7696638763;0.2634916925;1.5061721837;0.1488936380;0.8511063620;0.1753079497;0.0000000000;0.1624117328;0.6296718123;0.0005256610;0.0320828442;0.0000525661;idlv+clasp
CombinedConfiguration;000098_combined_configuration_problem-0-0.asp;1.7447918970;0.2582157548;1.4865761422;0.1479922937;0.8520077063;0.1819596208;0.0000000000;0.1573919965;0.6239597655;0.0011578262;0.0355307909;0.0002170924;idlv+clasp-tweety
CombinedConfiguration;000068_combined_configuration_problem-0-0.asp;1.7040791402;0.2469467513;1.4571323889;0.1449150720;0.8550849280;0.2537367845;0.0000000000;0.1369850529;0.5679001094;0.0014582574;0.0399197958;0.0005468465;idlv+clasp-trendy
CombinedConfiguration;grid_000676_combined_configuration_problem-0-0.asp;1.7954498733;0.2516255189;1.5438243544;0.1401462233;0.8598537767;0.1466224504;0.0000000000;0.1540068390;0.6677325775;0.0001527951;0.0314853380;0.0000021222;NONE
CombinedConfiguration;000306_5_combined_configuration_problem-0-0.asp;1.7760976429;0.2626175501;1.5134800928;0.1478621128;0.8521378872;0.1910989269;0.0000000000;0.1593376060;0.6181726127;0.0004198619;0.0309709925;0.0000370466;idlv+clasp-jumpy
CombinedConfiguration;000064_combined_configuration_problem-0-0.asp;1.7168458781;0.2538286087;1.4630172695;0.1478458911;0.8521541089;0.2062246745;0.0000000000;0.1475989309;0.6056556600;0.0017242866;0.0387964480;0.0005172860;idlv+clasp-tweety
CombinedConfiguration;000503_combined_configuration_problem-0-0.asp;1.7837317454;0.2680023229;1.5157294225;0.1502481097;0.8497518903;0.1777421609;0.0000000000;0.1648280896;0.6271690610;0.0002270090;0.0300336795;0.0000117418;NONE
CombinedConfiguration;000149_combined_configuration_problem-0-0.asp;1.7461586974;0.2596319229;1.4865267745;0.1486874723;0.8513125277;0.2045060659;0.0000000000;0.1524445863;0.6081592630;0.0007297273;0.0341603576;0.0001368239;idlv+clasp-jumpy
CombinedConfiguration;000121_combined_configuration_problem-0-0.asp;1.7403486172;0.2575580693;1.4827905479;0.1479922280;0.8520077720;0.2086081111;0.0000000000;0.1504985823;0.6048297174;0.0008920322;0.0351715569;0.0001911498;idlv+clasp-trendy
CombinedConfiguration;000257_12_combined_configuration_problem-0-0.asp;1.7751133289;0.2656499280;1.5094634009;0.1496523764;0.8503476236;0.1631918510;0.0000000000;0.1661324566;0.6385054666;0.0004469721;0.0317232537;0.0000352873;idlv+clasp-handy
CombinedConfiguration;000306_4_combined_configuration_problem-0-0.asp;1.7846250288;0.2656461889;1.5189788399;0.1488526635;0.8511473365;0.1625490154;0.0000000000;0.1667514839;0.6398733635;0.0003106988;0.0305154385;0.0000160706;idlv+clasp-frumpy
CombinedConfiguration;000306_2_combined_configuration_problem-0-0.asp;1.7812839748;0.2639106327;1.5173733420;0.1481575293;0.8518424707;0.1775787841;0.0000000000;0.1628077485;0.6284172549;0.0003755348;0.0308206777;0.0000268239;idlv+clasp-crafty
CombinedConfiguration;000306_16_combined_configuration_problem-0-0.asp;1.7816085622;0.2648783737;1.5167301885;0.1486737207;0.8513262793;0.1790196046;0.0000000000;0.1629921713;0.6269818427;0.0003618302;0.0306445512;0.0000246702;idlv+clasp-frumpy
CombinedConfiguration;000306_1_combined_configuration_problem-0-0.asp;1.7833813801;0.2650847345;1.5182966456;0.1486416408;0.8513583592;0.1747492041;0.0000000000;0.1639919690;0.6303726012;0.0003300398;0.0305561858;0.0000206275;idlv+clasp-handy
CombinedConfiguration;000306_6_combined_configuration_problem-0-0.asp;1.7835494631;0.2649368062;1.5186126569;0.1485446923;0.8514553077;0.1642140434;0.0000000000;0.1660599561;0.6386548556;0.0003574952;0.0307136498;0.0000206247;idlv+clasp-tweety
CombinedConfiguration;000067_combined_configuration_problem-0-0.asp;1.7030056037;0.2505094244;1.4524961793;0.1470984146;0.8529015854;0.2366323158;0.0000000000;0.1389266965;0.5832199106;0.0015555123;0.0396655648;0.0005833171;idlv+clasp-frumpy
CombinedConfiguration;000257_4_combined_configuration_problem-0-0.asp;1.7717448136;0.2647129197;1.5070318939;0.1494080399;0.8505919601;0.1634256822;0.0000000000;0.1651827085;0.6389867074;0.0005337801;0.0318711218;0.0000444817;idlv+clasp-jumpy
CombinedConfiguration;000237_4_combined_configuration_problem-0-0.asp;1.7707911087;0.2639465727;1.5068445360;0.1490557364;0.8509442636;0.1739649518;0.0000000000;0.1629454790;0.6310397826;0.0004665779;0.0315832087;0.0000411686;idlv+clasp-tweety
CombinedConfiguration;grid_000324_combined_configuration_problem-0-0.asp;1.7897334122;0.2508052505;1.5389281617;0.1401355357;0.8598644643;0.1495856375;0.0000000000;0.1536383607;0.6643451254;0.0003181577;0.0321127187;0.0000090902;NONE
CombinedConfiguration;000306_10_combined_configuration_problem-0-0.asp;1.7827179277;0.2649564095;1.5177615182;0.1486249761;0.8513750239;0.1614741578;0.0000000000;0.1662372216;0.6407978447;0.0004028671;0.0310879090;0.0000251792;idlv+clasp
CombinedConfiguration;001004_combined_configuration_problem-0-0.asp;1.7909127718;0.2701000029;1.5208127689;0.1508169505;0.8491830495;0.1716318419;0.0000000000;0.1675628178;0.6314677810;0.0001151096;0.0292224497;0.0000029770;NONE
CombinedConfiguration;000294_combined_configuration_problem-0-0.asp;1.7774024999;0.2617851679;1.5156173321;0.1472852479;0.8527147521;0.2071546278;0.0000000000;0.1558981049;0.6059919436;0.0003661998;0.0305891239;0.0000343312;idlv+clasp-jumpy
CombinedConfiguration;grid_000900_combined_configuration_problem-0-0.asp;1.7969221707;0.2517698383;1.5451523324;0.1401117101;0.8598882899;0.1466075471;0.0000000000;0.1539457640;0.6680207989;0.0001145618;0.0313113282;0.0000012123;NONE
CombinedConfiguration;grid_000729_combined_configuration_problem-0-0.asp;1.7965333269;0.2505093170;1.5460240099;0.1394403951;0.8605596049;0.1503623954;0.0000000000;0.1523950642;0.6659152262;0.0001393336;0.0311879805;0.0000019218;NONE
CombinedConfiguration;000148_combined_configuration_problem-0-0.asp;1.7705810193;0.2538864726;1.5166945467;0.1433916154;0.8566083846;0.2572436758;0.0000000000;0.1428855425;0.5679141196;0.0006626576;0.0312940046;0.0000993986;idlv+clasp-tweety
CombinedConfiguration;000123_combined_configuration_problem-0-0.asp;1.7428798411;0.2585104270;1.4843694141;0.1483237231;0.8516762769;0.2125676394;0.0000000000;0.1502611742;0.6012010885;0.0008757937;0.0350943042;0.0001876701;idlv+clasp-tweety
