SystemSynthesis;044-5x5_80_193-16000000-0.asp;1.8050833179;0.1131849843;1.6918983336;0.0627034681;0.9372965319;0.0140511237;0.0000121550;0.1492952154;0.6031651493;0.0010129126;0.2324634440;0.0000081033;NONE
SystemSynthesis;050-5x5_80_229-16000000-0.asp;1.8112729441;0.1130616243;1.6982113198;0.0624210860;0.9375789140;0.0141737969;0.0000125952;0.1491187559;0.6029069719;0.0010495999;0.2327382802;0.0000083968;NONE
SystemSynthesis;021-4x4_90_073-16000000-0.asp;1.8176086551;0.1171609774;1.7004476777;0.0644588576;0.9355411424;0.0221970927;0.0000273588;0.1534827731;0.5953544786;0.0014591351;0.2274791617;0.0000182392;NONE
SystemSynthesis;032-5x5_80_131-16000000-0.asp;1.8117162429;0.1130557743;1.6986604686;0.0624025836;0.9375974164;0.0141737410;0.0000125210;0.1491122630;0.6028931794;0.0010434144;0.2327648812;0.0000083473;NONE
SystemSynthesis;100-6x6_80_541-16000000-0.asp;1.8060669705;0.1106637606;1.6954032098;0.0612733428;0.9387266572;0.0097358642;0.0000058863;0.1464872798;0.6071906479;0.0007063505;0.2358739714;0.0000039242;NONE
SystemSynthesis;078-6x6_80_397-16000000-0.asp;1.8052788964;0.1106774052;1.6946014912;0.0613076492;0.9386923508;0.0097325042;0.0000059224;0.1465047873;0.6072154772;0.0007106900;0.2358306189;0.0000039483;NONE
SystemSynthesis;003-4x4_90_005-16000000-0.asp;1.8140728774;0.1172320948;1.6968407826;0.0646236963;0.9353763037;0.0220654063;0.0000263310;0.1535976969;0.5955465445;0.0014043218;0.2273596995;0.0000175540;NONE
SystemSynthesis;038-5x5_80_163-16000000-0.asp;1.8091829682;0.1131069861;1.6960759820;0.0625182683;0.9374817317;0.0141213947;0.0000123152;0.1491859673;0.6029999754;0.0010262642;0.2326540833;0.0000082101;NONE
SystemSynthesis;016-4x4_90_053-16000000-0.asp;1.8127648495;0.1172520290;1.6955128205;0.0646813231;0.9353186769;0.0220380354;0.0000263403;0.1536253007;0.5956064411;0.0014048150;0.2272990676;0.0000175602;NONE
SystemSynthesis;020-4x4_90_071-16000000-0.asp;1.8162505598;0.1171816689;1.6990688909;0.0645184489;0.9354815511;0.0221687011;0.0000273688;0.1535114128;0.5954166439;0.0014596676;0.2274162060;0.0000182458;NONE
SystemSynthesis;007-4x4_90_017-16000000-0.asp;1.8214689905;0.1170967255;1.7043722650;0.0642869717;0.9357130283;0.0222959889;0.0000276625;0.1533886584;0.5951682803;0.0014753343;0.2276440756;0.0000184417;NONE
SystemSynthesis;087-6x6_80_449-16000000-0.asp;1.8059442371;0.1106646256;1.6952796116;0.0612779859;0.9387220141;0.0097388627;0.0000059215;0.1464875748;0.6071926258;0.0007105777;0.2358644376;0.0000039477;NONE
SystemSynthesis;065-6x6_70_313-16000000-0.asp;1.8105775368;0.1105349825;1.7000425544;0.0610495713;0.9389504287;0.0098967278;0.0000068695;0.1462892995;0.6069725905;0.0008243457;0.2360101669;0.0000045797;NONE
SystemSynthesis;036-5x5_80_151-16000000-0.asp;1.8096966804;0.1130958363;1.6966008441;0.0624943602;0.9375056398;0.0141342756;0.0000123840;0.1491694462;0.6029771144;0.0010320003;0.2326747796;0.0000082560;NONE
SystemSynthesis;082-6x6_80_421-16000000-0.asp;1.8053311631;0.1106743831;1.6946567800;0.0613042002;0.9386957998;0.0097386445;0.0000059697;0.1464995403;0.6072106564;0.0007163694;0.2358288195;0.0000039798;NONE
SystemSynthesis;079-6x6_80_401-16000000-0.asp;1.8078269061;0.1106269542;1.6971999519;0.0611933332;0.9388066668;0.0097610740;0.0000059543;0.1464359576;0.6071257031;0.0007145154;0.2359567956;0.0000039695;NONE
SystemSynthesis;057-6x6_70_269-16000000-0.asp;1.8059567032;0.1106309382;1.6953257650;0.0612589095;0.9387410905;0.0098324592;0.0000067070;0.1464227108;0.6071420587;0.0008048398;0.2357912246;0.0000044713;NONE
SystemSynthesis;025-4x4_90_097-16000000-0.asp;1.8088356878;0.1173119091;1.6915237787;0.0648549285;0.9351450715;0.0219558071;0.0000263681;0.1537082286;0.5957863835;0.0014062967;0.2271169160;0.0000175787;NONE
SystemSynthesis;089-6x6_80_461-16000000-0.asp;1.8074118019;0.1106323701;1.6967794318;0.0612103838;0.9387896162;0.0097642544;0.0000060149;0.1464417613;0.6071361261;0.0007217929;0.2359300502;0.0000040100;NONE
SystemSynthesis;039-5x5_80_167-16000000-0.asp;1.8101417058;0.1130898858;1.6970518200;0.0624757086;0.9375242914;0.0141344496;0.0000123122;0.1491627678;0.6029631454;0.0010260199;0.2327013051;0.0000082082;NONE
SystemSynthesis;095-6x6_80_499-16000000-0.asp;1.8057639972;0.1106685871;1.6950954101;0.0612862961;0.9387137039;0.0097357441;0.0000059100;0.1464932015;0.6071995650;0.0007092003;0.2358563791;0.0000039400;NONE
SystemSynthesis;046-5x5_80_199-16000000-0.asp;1.8158889327;0.1129803308;1.7029086019;0.0622176438;0.9377823562;0.0142335660;0.0000125443;0.1490092117;0.6027313059;0.0010453559;0.2329680163;0.0000083628;NONE
SystemSynthesis;034-5x5_80_139-16000000-0.asp;1.8136642546;0.1130210317;1.7006432229;0.0623164025;0.9376835975;0.0142002553;0.0000125149;0.1490651360;0.6028183585;0.0010429095;0.2328608258;0.0000083433;NONE
SystemSynthesis;045-5x5_80_197-16000000-0.asp;1.8087322528;0.1131130377;1.6956192151;0.0625371928;0.9374628072;0.0141211446;0.0000123870;0.1491927825;0.6030141624;0.0010322474;0.2326272761;0.0000082580;NONE
SystemSynthesis;053-6x6_70_241-16000000-0.asp;1.8094898323;0.1105591994;1.6989306329;0.0610996522;0.9389003478;0.0098770464;0.0000067930;0.1463238458;0.6070149220;0.0008151620;0.2359622308;0.0000045287;NONE
SystemSynthesis;064-6x6_70_311-16000000-0.asp;1.8083020604;0.1105833166;1.6977187437;0.0611531221;0.9388468779;0.0098620575;0.0000067641;0.1463570813;0.6070576617;0.0008116920;0.2359047434;0.0000045094;NONE
SystemSynthesis;058-6x6_70_271-16000000-0.asp;1.8042481745;0.1106643829;1.6935837916;0.0613354551;0.9386645449;0.0098143792;0.0000066947;0.1464681178;0.6072016746;0.0008033598;0.2357057739;0.0000044631;NONE
SystemSynthesis;077-6x6_80_389-16000000-0.asp;1.8058200252;0.1106655010;1.6951545242;0.0612826857;0.9387173143;0.0097418973;0.0000059571;0.1464878733;0.6071946275;0.0007148559;0.2358547889;0.0000039714;NONE
SystemSynthesis;024-4x4_90_089-16000000-0.asp;1.8104711658;0.1172785228;1.6931926431;0.0647779014;0.9352220986;0.0220183815;0.0000268735;0.1536539047;0.5956966516;0.0014332551;0.2271709336;0.0000179157;NONE
SystemSynthesis;069-6x6_70_347-16000000-0.asp;1.8072784372;0.1105989932;1.6966794440;0.0611964327;0.9388035673;0.0098634121;0.0000068591;0.1463758705;0.6070868410;0.0008230942;0.2358439230;0.0000045727;NONE
SystemSynthesis;074-6x6_70_373-16000000-0.asp;1.8058159730;0.1106317005;1.6951842725;0.0612641056;0.9387358944;0.0098365379;0.0000067528;0.1464226065;0.6071439826;0.0008103326;0.2357797876;0.0000045018;NONE
SystemSynthesis;081-6x6_80_419-16000000-0.asp;1.8073425085;0.1106357508;1.6967067576;0.0612146012;0.9387853988;0.0097578634;0.0000059669;0.1464475092;0.6071415785;0.0007160275;0.2359310545;0.0000039779;NONE
SystemSynthesis;067-6x6_70_331-16000000-0.asp;1.8074112974;0.1105984443;1.6968128532;0.0611916305;0.9388083695;0.0098590846;0.0000068119;0.1463762982;0.6070852804;0.0008174276;0.2358550973;0.0000045413;NONE
SystemSynthesis;037-5x5_80_157-16000000-0.asp;1.8122530486;0.1130441447;1.6992089039;0.0623776822;0.9376223178;0.0141871359;0.0000125921;0.1490950454;0.6028693272;0.0010493444;0.2327865550;0.0000083948;NONE
SystemSynthesis;094-6x6_80_491-16000000-0.asp;1.8034575233;0.1107118877;1.6927456356;0.0613886861;0.9386113139;0.0097164998;0.0000059368;0.1465509394;0.6072772824;0.0007124114;0.2357369302;0.0000039578;NONE
SystemSynthesis;027-5x5_80_103-16000000-0.asp;1.8062744613;0.1131627735;1.6931116879;0.0626498220;0.9373501780;0.0140702048;0.0000121855;0.1492644012;0.6031178664;0.0010154594;0.2325198827;0.0000081237;NONE
SystemSynthesis;006-4x4_90_013-16000000-0.asp;1.8182263914;0.1171551214;1.7010712700;0.0644337371;0.9355662629;0.0221981004;0.0000271370;0.1534780642;0.5953324288;0.0014473089;0.2275169607;0.0000180914;NONE
SystemSynthesis;015-4x4_90_047-16000000-0.asp;1.8141830574;0.1172167278;1.6969663296;0.0646113011;0.9353886989;0.0221135561;0.0000271665;0.1535633433;0.5955175224;0.0014488816;0.2273295300;0.0000181110;NONE
SystemSynthesis;090-6x6_80_463-16000000-0.asp;1.8076419895;0.1106310113;1.6970109783;0.0612018375;0.9387981625;0.0097578949;0.0000059427;0.1464417161;0.6071328112;0.0007131226;0.2359485125;0.0000039618;NONE
SystemSynthesis;018-4x4_90_061-16000000-0.asp;1.8164270935;0.1171911866;1.6992359069;0.0645174183;0.9354825817;0.0221315112;0.0000266217;0.1535362499;0.5954299405;0.0014198243;0.2274558523;0.0000177478;NONE
SystemSynthesis;097-6x6_80_509-16000000-0.asp;1.8077134031;0.1106276063;1.6970857968;0.0611975361;0.9388024639;0.0097642600;0.0000059903;0.1464359453;0.6071273108;0.0007188412;0.2359476524;0.0000039936;NONE
SystemSynthesis;026-5x5_80_101-16000000-0.asp;1.8110065016;0.1130674073;1.6979390944;0.0624334629;0.9375665371;0.0141671167;0.0000125595;0.1491273240;0.6029188279;0.0010466251;0.2327275468;0.0000083730;NONE
SystemSynthesis;004-4x4_90_007-16000000-0.asp;1.8177480224;0.1171710574;1.7005769649;0.0644594608;0.9355405392;0.0221591413;0.0000266123;0.1535083829;0.5953694669;0.0014193205;0.2275170762;0.0000177415;NONE
SystemSynthesis;019-4x4_90_067-16000000-0.asp;1.8163423977;0.1171729814;1.6991694163;0.0645104037;0.9354895963;0.0221950270;0.0000278133;0.1534924255;0.5953996774;0.0014833769;0.2274016799;0.0000185422;NONE
SystemSynthesis;061-6x6_70_283-16000000-0.asp;1.8031389261;0.1106843955;1.6924545306;0.0613842860;0.9386157140;0.0098073948;0.0000067266;0.1464943160;0.6072378304;0.0008071930;0.2356465392;0.0000044844;NONE
SystemSynthesis;068-6x6_70_337-16000000-0.asp;1.8096063343;0.1105589272;1.6990474071;0.0610955682;0.9389044318;0.0098726673;0.0000067467;0.1463246241;0.6070138667;0.0008096037;0.2359724915;0.0000044978;NONE
SystemSynthesis;054-6x6_70_251-16000000-0.asp;1.8077047979;0.1105894579;1.6971153400;0.0611767242;0.9388232758;0.0098712466;0.0000068901;0.1463622458;0.6070701828;0.0008268145;0.2358626202;0.0000045934;NONE
SystemSynthesis;012-4x4_90_037-16000000-0.asp;1.8148240006;0.1172104644;1.6976135362;0.0645850311;0.9354149689;0.0221152291;0.0000269479;0.1535580188;0.5954943140;0.0014372204;0.2273682698;0.0000179653;NONE
SystemSynthesis;096-6x6_80_503-16000000-0.asp;1.8063675458;0.1106534561;1.6957140898;0.0612574425;0.9387425575;0.0097514012;0.0000059923;0.1464707598;0.6071735318;0.0007190710;0.2358792440;0.0000039948;NONE
SystemSynthesis;076-6x6_80_383-16000000-0.asp;1.8058200252;0.1106655010;1.6951545242;0.0612826857;0.9387173143;0.0097418973;0.0000059571;0.1464878733;0.6071946275;0.0007148559;0.2358547889;0.0000039714;NONE
SystemSynthesis;035-5x5_80_149-16000000-0.asp;1.8124216524;0.1130442123;1.6993774401;0.0623719167;0.9376280833;0.0141803248;0.0000124827;0.1490972942;0.6028676877;0.0010402234;0.2328019872;0.0000083218;NONE
SystemSynthesis;029-5x5_80_109-16000000-0.asp;1.8098843847;0.1130954605;1.6967889242;0.0624876713;0.9375123287;0.0141280281;0.0000122781;0.1491710220;0.6029745802;0.0010231770;0.2326909146;0.0000081854;NONE
SystemSynthesis;072-6x6_70_359-16000000-0.asp;1.8058805447;0.1106278331;1.6952527116;0.0612597735;0.9387402265;0.0098444960;0.0000068144;0.1464158675;0.6071378275;0.0008177246;0.2357772700;0.0000045429;NONE
SystemSynthesis;031-5x5_80_127-16000000-0.asp;1.8073056244;0.1131364717;1.6941691527;0.0625995239;0.9374004761;0.0141076770;0.0000124626;0.1492231638;0.6030658026;0.0010385510;0.2325523430;0.0000083084;NONE
SystemSynthesis;088-6x6_80_457-16000000-0.asp;1.8042586237;0.1106979996;1.6935606241;0.0613537317;0.9386462683;0.0097199659;0.0000059004;0.1465331073;0.6072520150;0.0007080509;0.2357809605;0.0000039336;NONE
SystemSynthesis;017-4x4_90_059-16000000-0.asp;1.8151764966;0.1172033492;1.6979731474;0.0645685692;0.9354314308;0.0221284424;0.0000270519;0.1535465022;0.5954751213;0.0014427672;0.2273801151;0.0000180346;NONE
SystemSynthesis;060-6x6_70_281-16000000-0.asp;1.8050004957;0.1106499383;1.6943505575;0.0613018880;0.9386981120;0.0098215521;0.0000066935;0.1464486678;0.6071758464;0.0008032164;0.2357440238;0.0000044623;NONE
SystemSynthesis;047-5x5_80_211-16000000-0.asp;1.8121543473;0.1130499928;1.6991043545;0.0623843068;0.9376156932;0.0141736857;0.0000124476;0.1491058462;0.6028795486;0.0010373014;0.2327911705;0.0000082984;NONE
SystemSynthesis;049-5x5_80_227-16000000-0.asp;1.8091829682;0.1131069861;1.6960759820;0.0625182683;0.9374817317;0.0141213947;0.0000123152;0.1491859673;0.6029999754;0.0010262642;0.2326540833;0.0000082101;NONE
SystemSynthesis;041-5x5_80_179-16000000-0.asp;1.8102923887;0.1130791119;1.6972132768;0.0624645569;0.9375354431;0.0141604515;0.0000125983;0.1491424780;0.6029446348;0.0010498555;0.2326899819;0.0000083988;NONE
SystemSynthesis;059-6x6_70_277-16000000-0.asp;1.8055286666;0.1106332568;1.6948954098;0.0612747163;0.9387252837;0.0098448647;0.0000068462;0.1464223935;0.6071479103;0.0008215464;0.2357564389;0.0000045641;NONE
SystemSynthesis;091-6x6_80_467-16000000-0.asp;1.8078999475;0.1106235099;1.6972764375;0.0611889558;0.9388110442;0.0097674772;0.0000060021;0.1464301291;0.6071201348;0.0007202564;0.2359560003;0.0000040014;NONE
SystemSynthesis;086-6x6_80_443-16000000-0.asp;1.8057639972;0.1106685871;1.6950954101;0.0612862961;0.9387137039;0.0097357441;0.0000059100;0.1464932015;0.6071995650;0.0007092003;0.2358563791;0.0000039400;NONE
SystemSynthesis;001-4x4_90_002-16000000-0.asp;1.8147585458;0.1172183035;1.6975402424;0.0645916801;0.9354083199;0.0220909461;0.0000265304;0.1535754081;0.5955092945;0.0014149525;0.2273828685;0.0000176869;NONE
SystemSynthesis;002-4x4_90_003-16000000-0.asp;1.8158068057;0.1171972192;1.6986095865;0.0645427800;0.9354572200;0.0221299891;0.0000268351;0.1535413350;0.5954523499;0.0014312038;0.2274182872;0.0000178900;NONE
SystemSynthesis;066-6x6_70_317-16000000-0.asp;1.8068559028;0.1106084430;1.6962474598;0.0612159735;0.9387840265;0.0098556478;0.0000068284;0.1463893732;0.6071033500;0.0008194072;0.2358253934;0.0000045523;NONE
SystemSynthesis;022-4x4_90_079-16000000-0.asp;1.8197993201;0.1171363819;1.7026629382;0.0643677468;0.9356322532;0.0222134854;0.0000268063;0.1534571189;0.5952695820;0.0014296692;0.2276033383;0.0000178709;NONE
SystemSynthesis;033-5x5_80_137-16000000-0.asp;1.8065524316;0.1131529137;1.6933995178;0.0626347244;0.9373652756;0.0140885104;0.0000123583;0.1492475829;0.6030994723;0.0010298619;0.2325222141;0.0000082389;NONE
SystemSynthesis;099-6x6_80_523-16000000-0.asp;1.8039476098;0.1107029761;1.6932446338;0.0613670682;0.9386329318;0.0097197812;0.0000059243;0.1465392287;0.6072612018;0.0007109145;0.2357629495;0.0000039495;NONE
SystemSynthesis;008-4x4_90_019-16000000-0.asp;1.8131811926;0.1172302198;1.6959509727;0.0646544429;0.9353455571;0.0220985431;0.0000272822;0.1535803277;0.5955602845;0.0014550481;0.2272785144;0.0000181881;NONE
SystemSynthesis;009-4x4_90_023-16000000-0.asp;1.8177225508;0.1171519563;1.7005705945;0.0644498558;0.9355501442;0.0222238698;0.0000278030;0.1534633278;0.5953365091;0.0014828270;0.2274656633;0.0000185353;NONE
SystemSynthesis;084-6x6_80_433-16000000-0.asp;1.8102045646;0.1105766485;1.6996279161;0.0610851672;0.9389148328;0.0097967527;0.0000060598;0.1463655057;0.6070370984;0.0007271816;0.2360674017;0.0000040399;NONE
SystemSynthesis;011-4x4_90_031-16000000-0.asp;1.8135316304;0.1172230936;1.6963085369;0.0646380199;0.9353619801;0.0221118557;0.0000273888;0.1535687549;0.5955411105;0.0014607337;0.2272901565;0.0000182592;NONE
SystemSynthesis;063-6x6_70_307-16000000-0.asp;1.8052615988;0.1106416917;1.6946199070;0.0612884536;0.9387115464;0.0098330769;0.0000067690;0.1464356789;0.6071620359;0.0008122780;0.2357501613;0.0000045127;NONE
SystemSynthesis;075-6x6_70_379-16000000-0.asp;1.8065043654;0.1106210637;1.6958833016;0.0612348721;0.9387651279;0.0098358901;0.0000066911;0.1464097886;0.6071242177;0.0008029298;0.2358204827;0.0000044607;NONE
SystemSynthesis;098-6x6_80_521-16000000-0.asp;1.8047917566;0.1106862604;1.6941054962;0.0613291035;0.9386708965;0.0097292507;0.0000059349;0.1465164218;0.6072314565;0.0007121859;0.2358047503;0.0000039566;NONE
SystemSynthesis;085-6x6_80_439-16000000-0.asp;1.8074577936;0.1106350525;1.6968227411;0.0612103103;0.9387896897;0.0097547281;0.0000059311;0.1464474522;0.6071398916;0.0007117353;0.2359402617;0.0000039541;NONE
SystemSynthesis;040-5x5_80_173-16000000-0.asp;1.8105576132;0.1130733445;1.6974842687;0.0624522212;0.9375477788;0.0141671334;0.0000126342;0.1491339266;0.6029328156;0.0010528488;0.2327006414;0.0000084228;NONE
SystemSynthesis;080-6x6_80_409-16000000-0.asp;1.8023839201;0.1107374395;1.6916464806;0.0614394294;0.9385605706;0.0096924576;0.0000058225;0.1465882316;0.6073215513;0.0006986954;0.2356932417;0.0000038816;NONE
SystemSynthesis;070-6x6_70_349-16000000-0.asp;1.8068559028;0.1106084430;1.6962474598;0.0612159735;0.9387840265;0.0098556478;0.0000068284;0.1463893732;0.6071033500;0.0008194072;0.2358253934;0.0000045523;NONE
SystemSynthesis;051-6x6_70_233-16000000-0.asp;1.8058159730;0.1106317005;1.6951842725;0.0612641056;0.9387358944;0.0098365379;0.0000067528;0.1464226065;0.6071439826;0.0008103326;0.2357797876;0.0000045018;NONE
SystemSynthesis;010-4x4_90_029-16000000-0.asp;1.8158068057;0.1171972192;1.6986095865;0.0645427800;0.9354572200;0.0221299891;0.0000268351;0.1535413350;0.5954523499;0.0014312038;0.2274182872;0.0000178900;NONE
SystemSynthesis;083-6x6_80_431-16000000-0.asp;1.8059442371;0.1106646256;1.6952796116;0.0612779859;0.9387220141;0.0097388627;0.0000059215;0.1464875748;0.6071926258;0.0007105777;0.2358644376;0.0000039477;NONE
SystemSynthesis;056-6x6_70_263-16000000-0.asp;1.8041448381;0.1106618186;1.6934830195;0.0613375469;0.9386624531;0.0098261047;0.0000068016;0.1464620128;0.6071984039;0.0008161970;0.2356904800;0.0000045344;NONE
SystemSynthesis;043-5x5_80_191-16000000-0.asp;1.8096966804;0.1130958363;1.6966008441;0.0624943602;0.9375056398;0.0141342756;0.0000123840;0.1491694462;0.6029771144;0.0010320003;0.2326747796;0.0000082560;NONE
SystemSynthesis;073-6x6_70_367-16000000-0.asp;1.8059463064;0.1106238945;1.6953224119;0.0612553619;0.9387446381;0.0098526007;0.0000068771;0.1464090044;0.6071315590;0.0008252527;0.2357747060;0.0000045847;NONE
SystemSynthesis;028-5x5_80_107-16000000-0.asp;1.8104004642;0.1130842799;1.6973161843;0.0624636826;0.9375363174;0.0141409070;0.0000123465;0.1491544676;0.6029516468;0.0010288786;0.2327117535;0.0000082310;NONE
SystemSynthesis;062-6x6_70_293-16000000-0.asp;1.8065745691;0.1106171358;1.6959574333;0.0612303182;0.9387696818;0.0098437690;0.0000067516;0.1464029959;0.6071179407;0.0008101867;0.2358183561;0.0000045010;NONE
SystemSynthesis;092-6x6_80_479-16000000-0.asp;1.8090584355;0.1106017723;1.6984566632;0.0611377555;0.9388622445;0.0097771106;0.0000059884;0.1464011530;0.6070811193;0.0007186116;0.2360160171;0.0000039923;NONE
SystemSynthesis;055-6x6_70_257-16000000-0.asp;1.8074911360;0.1105942363;1.6968968997;0.0611865995;0.9388134005;0.0098673205;0.0000068746;0.1463690735;0.6070785307;0.0008249502;0.2358532505;0.0000045831;NONE
SystemSynthesis;013-4x4_90_041-16000000-0.asp;1.8201691619;0.1171290181;1.7030401438;0.0643506222;0.9356493778;0.0222270061;0.0000269092;0.1534452756;0.5952496278;0.0014351578;0.2276160235;0.0000179395;NONE
SystemSynthesis;014-4x4_90_043-16000000-0.asp;1.8141830574;0.1172167278;1.6969663296;0.0646113011;0.9353886989;0.0221135561;0.0000271665;0.1535633433;0.5955175224;0.0014488816;0.2273295300;0.0000181110;NONE
SystemSynthesis;030-5x5_80_113-16000000-0.asp;1.8073056244;0.1131364717;1.6941691527;0.0625995239;0.9374004761;0.0141076770;0.0000124626;0.1492231638;0.6030658026;0.0010385510;0.2325523430;0.0000083084;NONE
SystemSynthesis;071-6x6_70_353-16000000-0.asp;1.8067823559;0.1106124941;1.6961698619;0.0612207075;0.9387792925;0.0098475724;0.0000067665;0.1463963659;0.6071098300;0.0008119849;0.2358274803;0.0000045110;NONE
SystemSynthesis;052-6x6_70_239-16000000-0.asp;1.8077527095;0.1105932087;1.6971595007;0.0611771777;0.9388228223;0.0098586520;0.0000067804;0.1463700181;0.6070755378;0.0008136439;0.2358753678;0.0000045202;NONE
SystemSynthesis;048-5x5_80_223-16000000-0.asp;1.8073056244;0.1131364717;1.6941691527;0.0625995239;0.9374004761;0.0141076770;0.0000124626;0.1492231638;0.6030658026;0.0010385510;0.2325523430;0.0000083084;NONE
SystemSynthesis;005-4x4_90_011-16000000-0.asp;1.8158897439;0.1171889521;1.6987007918;0.0645352795;0.9354647205;0.0221551771;0.0000272623;0.1535232002;0.5954362880;0.0014539903;0.2274040821;0.0000181749;NONE
SystemSynthesis;023-4x4_90_083-16000000-0.asp;1.8168795114;0.1171756432;1.6997038682;0.0644927979;0.9355072021;0.0221699394;0.0000271469;0.1535064700;0.5953940820;0.0014478328;0.2274545290;0.0000180979;NONE
SystemSynthesis;042-5x5_80_181-16000000-0.asp;1.8122530486;0.1130441447;1.6992089039;0.0623776822;0.9376223178;0.0141871359;0.0000125921;0.1490950454;0.6028693272;0.0010493444;0.2327865550;0.0000083948;NONE
SystemSynthesis;093-6x6_80_487-16000000-0.asp;1.8041247413;0.1106990721;1.6934256691;0.0613588792;0.9386411208;0.0097228763;0.0000059358;0.1465336779;0.6072543658;0.0007122986;0.2357708456;0.0000039572;NONE
SteinerTree;fixed-instance16-0-0-498-0.asp;1.4626334520;0.0391459075;1.4234875445;0.0267639903;0.9732360097;0.1218750000;0.0031250000;0.0343750000;0.8187500000;0.0000000000;0.0218750000;0.0062500000;idlv+clasp
SteinerTree;fixed-instance46-0-0-976-0.asp;1.5425154177;0.0408957827;1.5016196350;0.0265123980;0.9734876020;0.0141251612;0.0000307069;0.0160289873;0.9592826875;0.0000000000;0.0105324572;0.0000614137;idlv+clasp-handy
SteinerTree;fixed-instance37-0-0-1551-0.asp;1.5243283862;0.0403907571;1.4839376292;0.0264974119;0.9735025881;0.0467406877;0.0001790831;0.0155802292;0.9240687679;0.0000000000;0.0134312321;0.0003581662;idlv+clasp-handy
SteinerTree;fixed-instance30-0-0-1270-0.asp;1.5575221239;0.0565099196;1.5010122043;0.0362819370;0.9637180630;0.0216727026;0.0000565867;0.0231439565;0.9426776822;0.0000000000;0.0124490720;0.0001131734;NONE
SteinerTree;fixed-instance41-0-0-100-0.asp;1.5932866370;0.0908760120;1.5024106249;0.0570368256;0.9429631744;0.0297725869;0.0000294196;0.0203877497;0.9343355594;0.0000000000;0.0154746845;0.0000588391;NONE
SteinerTree;fixed-instance15-0-0-1735-0.asp;1.5273341523;0.0469901720;1.4803439803;0.0307661371;0.9692338629;0.0945494994;0.0002780868;0.0166852058;0.8620689655;0.0000000000;0.0264182425;0.0005561735;idlv+clasp-handy
SteinerTree;fixed-instance43-0-0-100-0.asp;1.5777635455;0.0739080313;1.5038555143;0.0468435409;0.9531564591;0.0244664367;0.0000249913;0.0145199180;0.9497675813;0.0000000000;0.0112210726;0.0000499825;NONE
SteinerTree;fixed-instance42-0-0-1549-0.asp;1.5338196286;0.0480769231;1.4857427056;0.0313445741;0.9686554259;0.0514231797;0.0001572574;0.0193426639;0.9100487498;0.0000000000;0.0190281491;0.0003145149;NONE
SteinerTree;fixed-instance32-0-0-2800-0.asp;1.6023350170;0.0922248903;1.5101101267;0.0575565592;0.9424434408;0.0206461449;0.0000162185;0.0168347984;0.9512147653;0.0000000000;0.0112880729;0.0000324370;NONE
SteinerTree;fixed-instance14-0-0-1363-0.asp;1.5205173952;0.0331549212;1.4873624740;0.0218050259;0.9781949741;0.0368036660;0.0001432049;0.0141772877;0.9357009881;0.0000000000;0.0131748532;0.0002864099;idlv+clasp-handy
SteinerTree;fixed-instance28-0-0-596-0.asp;1.4887839433;0.0212514758;1.4675324675;0.0142743854;0.9857256146;0.0588888889;0.0011111111;0.0166666667;0.9111111111;0.0000000000;0.0122222222;0.0022222222;idlv+clasp
SteinerTree;fixed-instance40-0-0-1549-0.asp;1.5669375535;0.0716424294;1.4952951240;0.0457213048;0.9542786952;0.0279933481;0.0000692905;0.0207178492;0.9366685144;0.0000000000;0.0145509978;0.0001385809;NONE
SteinerTree;fixed-instance24-0-0-596-0.asp;1.4887839433;0.0212514758;1.4675324675;0.0142743854;0.9857256146;0.0588888889;0.0011111111;0.0166666667;0.9111111111;0.0000000000;0.0122222222;0.0022222222;idlv+clasp
SteinerTree;fixed-instance27-0-0-888-0.asp;1.4947468959;0.0305635148;1.4641833811;0.0204472843;0.9795527157;0.0783450704;0.0008802817;0.0167253521;0.8882042254;0.0000000000;0.0158450704;0.0017605634;idlv+clasp
SteinerTree;fixed-instance09-0-0-692-0.asp;1.5124737000;0.0300571085;1.4824165915;0.0198728140;0.9801271860;0.0303118624;0.0002914602;0.0201107549;0.9358787526;0.0000000000;0.0134071699;0.0005829204;idlv+clasp
SteinerTree;fixed-instance07-0-0-1169-0.asp;1.5327287066;0.0404179811;1.4923107256;0.0263699511;0.9736300489;0.0207864084;0.0000643542;0.0137718000;0.9530857842;0.0000000000;0.0122916533;0.0001287084;NONE
SteinerTree;fixed-instance10-0-0-1270-0.asp;1.5346585775;0.0453078611;1.4893507164;0.0295230886;0.9704769114;0.0279799247;0.0001254705;0.0165621079;0.9436637390;0.0000000000;0.0116687578;0.0002509410;idlv+clasp-handy
SteinerTree;fixed-instance08-0-0-1268-0.asp;1.5416561155;0.0439773782;1.4976787372;0.0285260622;0.9714739378;0.0171319534;0.0000414817;0.0144356411;0.9578130833;0.0000000000;0.0105778405;0.0000829635;NONE
SteinerTree;fixed-instance06-0-0-1074-0.asp;1.5326445127;0.0370846132;1.4955598995;0.0241964871;0.9758035129;0.0182585810;0.0000548306;0.0134883211;0.9565193552;0.0000000000;0.0116789122;0.0001096611;NONE
SteinerTree;fixed-instance20-0-0-596-0.asp;1.4852071006;0.0266272189;1.4585798817;0.0179282869;0.9820717131;0.0727023320;0.0013717421;0.0192043896;0.8916323731;0.0000000000;0.0150891632;0.0027434842;idlv+clasp
SteinerTree;fixed-instance13-0-0-100-0.asp;1.5390532544;0.0618343195;1.4772189349;0.0401768551;0.9598231449;0.0662983425;0.0002762431;0.0270718232;0.8839779006;0.0000000000;0.0223756906;0.0005524862;idlv+clasp-handy
SteinerTree;fixed-instance11-0-0-1175-0.asp;1.5155163189;0.0355805243;1.4799357945;0.0234774934;0.9765225066;0.0420297283;0.0002562788;0.0151204511;0.9297796002;0.0000000000;0.0128139416;0.0005125577;idlv+clasp-trendy
SteinerTree;fixed-instance13-0-0-1362-0.asp;1.5390532544;0.0618343195;1.4772189349;0.0401768551;0.9598231449;0.0662983425;0.0002762431;0.0270718232;0.8839779006;0.0000000000;0.0223756906;0.0005524862;idlv+clasp-handy
SteinerTree;fixed-instance21-0-0-888-0.asp;1.5194317877;0.0383275261;1.4811042616;0.0252249074;0.9747750926;0.0336700337;0.0002590003;0.0196840197;0.9329189329;0.0000000000;0.0134680135;0.0005180005;idlv+clasp
SteinerTree;fixed-instance31-0-0-2279-0.asp;1.5694052088;0.0706629000;1.4987423087;0.0450252743;0.9549747257;0.0268875918;0.0000376577;0.0163057805;0.9444172472;0.0000000000;0.0123517228;0.0000753154;NONE
SteinerTree;fixed-instance41-0-0-2461-0.asp;1.5932866370;0.0908760120;1.5024106249;0.0570368256;0.9429631744;0.0297725869;0.0000294196;0.0203877497;0.9343355594;0.0000000000;0.0154746845;0.0000588391;NONE
SteinerTree;fixed-instance19-0-0-2544-0.asp;1.5831400563;0.0794755234;1.5036645329;0.0502011955;0.9497988045;0.0260233126;0.0000301196;0.0179211470;0.9442185476;0.0000000000;0.0118068733;0.0000602391;NONE
SteinerTree;fixed-instance25-0-0-596-0.asp;1.4881796690;0.0212765957;1.4669030733;0.0142970612;0.9857029388;0.0579064588;0.0011135857;0.0155902004;0.9131403118;0.0000000000;0.0122494432;0.0022271715;idlv+clasp
SteinerTree;fixed-instance22-0-0-888-0.asp;1.4888888889;0.0646464646;1.4242424242;0.0434192673;0.9565807327;0.1523972603;0.0017123288;0.0325342466;0.7825342466;0.0000000000;0.0308219178;0.0034246575;idlv+clasp
SteinerTree;fixed-instance03-0-0-1079-0.asp;1.5037771483;0.0269121813;1.4768649669;0.0178963893;0.9821036107;0.0624169987;0.0004426737;0.0119521912;0.9083665339;0.0000000000;0.0168216025;0.0008853475;idlv+clasp
SteinerTree;fixed-instance35-0-0-2888-0.asp;1.6100679765;0.1051148139;1.5049531626;0.0652859478;0.9347140522;0.0250151546;0.0000202061;0.0195393009;0.9428773490;0.0000000000;0.0125479895;0.0000404122;NONE
SteinerTree;fixed-instance45-0-0-3144-0.asp;1.5821935319;0.0827687588;1.4994247731;0.0523126641;0.9476873359;0.0363093222;0.0000307967;0.0199870654;0.9300914662;0.0000000000;0.0135813495;0.0000615934;NONE
SteinerTree;fixed-instance23-0-0-888-0.asp;1.4890219561;0.0638722555;1.4251497006;0.0428954424;0.9571045576;0.1508474576;0.0016949153;0.0322033898;0.7847457627;0.0000000000;0.0305084746;0.0033898305;idlv+clasp
SteinerTree;fixed-instance44-0-0-2628-0.asp;1.5621156212;0.0685390187;1.4935766024;0.0438757655;0.9561242345;0.0502952820;0.0000648971;0.0177169187;0.9143357778;0.0000000000;0.0175871244;0.0001297943;NONE
SteinerTree;fixed-instance34-0-0-2972-0.asp;1.5829302679;0.0823121137;1.5006181542;0.0519998356;0.9480001644;0.0251406098;0.0000211443;0.0161331247;0.9472448936;0.0000000000;0.0114602275;0.0000422887;NONE
SteinerTree;fixed-instance36-0-0-595-0.asp;1.5000000000;0.0297157623;1.4702842377;0.0198105082;0.9801894918;0.0426716141;0.0006184292;0.0216450216;0.9196042053;0.0000000000;0.0154607297;0.0012368584;idlv+clasp
SteinerTree;fixed-instance39-0-0-2010-0.asp;1.5245360825;0.0393814433;1.4851546392;0.0258317555;0.9741682445;0.0817872018;0.0001893222;0.0104127225;0.8839454752;0.0000000000;0.0236652783;0.0003786445;idlv+clasp-handy
SteinerTree;fixed-instance38-0-0-2010-0.asp;1.5309873950;0.0432773109;1.4877100840;0.0282675815;0.9717324185;0.0467607890;0.0001001302;0.0116150996;0.9255031541;0.0000000000;0.0160208271;0.0002002603;NONE
SteinerTree;fixed-instance04-0-0-1458-0.asp;1.5110410095;0.0365029292;1.4745380802;0.0241574709;0.9758425291;0.0857025134;0.0004120313;0.0148331273;0.8817470128;0.0000000000;0.0173053152;0.0008240626;idlv+clasp-handy
SteinerTree;fixed-instance05-0-0-888-0.asp;1.5173424524;0.0334636053;1.4838788471;0.0220540889;0.9779459111;0.0307765152;0.0002367424;0.0179924242;0.9386837121;0.0000000000;0.0123106061;0.0004734848;idlv+clasp-handy
SteinerTree;fixed-instance17-0-0-1456-0.asp;1.5152963671;0.0331421287;1.4821542384;0.0218717140;0.9781282860;0.0715976331;0.0002958580;0.0130177515;0.8946745562;0.0000000000;0.0204142012;0.0005917160;idlv+clasp-crafty
SteinerTree;fixed-instance29-0-0-498-0.asp;1.4862500000;0.0137500000;1.4725000000;0.0092514718;0.9907485282;0.0453460621;0.0011933174;0.0119331742;0.9331742243;0.0000000000;0.0083532220;0.0023866348;idlv+clasp
SteinerTree;fixed-instance26-0-0-399-0.asp;1.2931034483;0.1379310345;1.1551724138;0.1066666667;0.8933333333;0.3555555556;0.0111111111;0.1111111111;0.4555555556;0.0000000000;0.0666666667;0.0222222222;idlv+clasp
SteinerTree;fixed-instance02-0-0-692-0.asp;1.5120336943;0.0300842359;1.4819494585;0.0198965380;0.9801034620;0.0300554421;0.0002918004;0.0192588270;0.9369711118;0.0000000000;0.0134228188;0.0005836008;idlv+clasp
SteinerTree;fixed-instance43-0-0-2717-0.asp;1.5777635455;0.0739080313;1.5038555143;0.0468435409;0.9531564591;0.0244664367;0.0000249913;0.0145199180;0.9497675813;0.0000000000;0.0112210726;0.0000499825;NONE
SteinerTree;fixed-instance12-0-0-1368-0.asp;1.5375978727;0.0528881666;1.4847097060;0.0343966180;0.9656033820;0.0402665532;0.0001417836;0.0225435985;0.9221607826;0.0000000000;0.0148872820;0.0002835673;idlv+clasp-crafty
SteinerTree;fixed-instance18-0-0-2495-0.asp;1.6016480430;0.0834236866;1.5182243564;0.0520861540;0.9479138460;0.0125661717;0.0000025798;0.0152568958;0.9611354185;0.0000000000;0.0110389342;0.0000051596;NONE
SteinerTree;fixed-instance01-0-0-984-0.asp;1.5107398568;0.0289379475;1.4818019093;0.0191548183;0.9808451817;0.0362277171;0.0002875216;0.0149511213;0.9373202990;0.0000000000;0.0112133410;0.0005750431;idlv+clasp
SteinerTree;fixed-instance33-0-0-2363-0.asp;1.5776144556;0.0751802266;1.5024342290;0.0476543723;0.9523456277;0.0209001742;0.0000229169;0.0151938766;0.9526079384;0.0000000000;0.0112750940;0.0000458337;NONE
StableMarriage;39-stable_marriage-0-0.asp;1.9941154888;0.0052304005;1.9888850883;0.0026229175;0.9973770825;0.0039139654;0.0000000000;0.9902332469;0.0058527877;0.0000000000;0.0000000000;0.0000000090;NONE
StableMarriage;38-stable_marriage-0-0.asp;1.9939604358;0.0053704141;1.9885900217;0.0026933404;0.9973066596;0.0040188450;0.0000000000;0.9899754916;0.0060056634;0.0000000000;0.0000000000;0.0000000098;NONE
StableMarriage;62-stable_marriage-0-0.asp;1.9944083251;0.0049708963;1.9894374287;0.0024924165;0.9975075835;0.0037198373;0.0000000000;0.9907166656;0.0055634971;0.0000000000;0.0000000000;0.0000000077;NONE
StableMarriage;36-stable_marriage-0-0.asp;1.9944079819;0.0049703915;1.9894375904;0.0024921639;0.9975078361;0.0037198379;0.0000000000;0.9907168268;0.0055633353;0.0000000000;0.0000000000;0.0000000077;NONE
StableMarriage;30-stable_marriage-0-0.asp;1.9944081134;0.0049703922;1.9894377212;0.0024921640;0.9975078360;0.0037198384;0.0000000000;0.9907169573;0.0055632043;0.0000000000;0.0000000000;0.0000000077;NONE
StableMarriage;4-stable_marriage-0-0.asp;1.9925577152;0.0066136868;1.9859440284;0.0033191946;0.9966808054;0.0049465563;0.0000000000;0.9876624092;0.0073910345;0.0000000000;0.0000000000;0.0000000183;idlv+clasp-trendy
StableMarriage;28-stable_marriage-0-0.asp;1.9944078021;0.0049700578;1.9894377443;0.0024919968;0.9975080032;0.0037198385;0.0000000000;0.9907169803;0.0055631812;0.0000000000;0.0000000000;0.0000000077;NONE
StableMarriage;1-stable_marriage-0-0.asp;1.9944077019;0.0049701115;1.9894375904;0.0024920238;0.9975079762;0.0037198379;0.0000000000;0.9907168268;0.0055633353;0.0000000000;0.0000000000;0.0000000077;NONE
StableMarriage;25-stable_marriage-0-0.asp;1.9944074311;0.0049701024;1.9894373287;0.0024920196;0.9975079804;0.0037198369;0.0000000000;0.9907165657;0.0055635973;0.0000000000;0.0000000000;0.0000000077;NONE
StableMarriage;24-stable_marriage-0-0.asp;1.9944082366;0.0049702999;1.9894379367;0.0024921176;0.9975078824;0.0037198392;0.0000000000;0.9907171723;0.0055629885;0.0000000000;0.0000000000;0.0000000077;NONE
StableMarriage;11-stable_marriage-0-0.asp;1.9944079358;0.0049704532;1.9894374826;0.0024921949;0.9975078051;0.0037198375;0.0000000000;0.9907167193;0.0055634432;0.0000000000;0.0000000000;0.0000000077;NONE
StableMarriage;72-stable_marriage-0-0.asp;1.9944072998;0.0049701482;1.9894371517;0.0024920427;0.9975079573;0.0037198363;0.0000000000;0.9907163892;0.0055637746;0.0000000000;0.0000000000;0.0000000077;NONE
StableMarriage;17-stable_marriage-0-0.asp;1.9944075102;0.0049704124;1.9894370978;0.0024921749;0.9975078251;0.0037198361;0.0000000000;0.9907163354;0.0055638285;0.0000000000;0.0000000000;0.0000000077;NONE
StableMarriage;63-stable_marriage-0-0.asp;1.9944078430;0.0049704527;1.9894373903;0.0024921947;0.9975078053;0.0037198371;0.0000000000;0.9907166272;0.0055635357;0.0000000000;0.0000000000;0.0000000077;NONE
StableMarriage;5-stable_marriage-0-0.asp;1.9944075552;0.0049701727;1.9894373826;0.0024920547;0.9975079453;0.0037198371;0.0000000000;0.9907166195;0.0055635434;0.0000000000;0.0000000000;0.0000000077;NONE
StableMarriage;71-stable_marriage-0-0.asp;1.9944078576;0.0049702903;1.9894375673;0.0024921133;0.9975078867;0.0037198378;0.0000000000;0.9907168038;0.0055633584;0.0000000000;0.0000000000;0.0000000077;NONE
StableMarriage;32-stable_marriage-0-0.asp;1.9944082686;0.0049704936;1.9894377751;0.0024922147;0.9975077853;0.0037198386;0.0000000000;0.9907170111;0.0055631504;0.0000000000;0.0000000000;0.0000000077;NONE
StableMarriage;2-stable_marriage-0-0.asp;1.9944080665;0.0049703145;1.9894377520;0.0024921252;0.9975078748;0.0037198385;0.0000000000;0.9907169880;0.0055631735;0.0000000000;0.0000000000;0.0000000077;NONE
StableMarriage;33-stable_marriage-0-0.asp;1.9944077344;0.0049703980;1.9894373364;0.0024921674;0.9975078326;0.0037198369;0.0000000000;0.9907165734;0.0055635896;0.0000000000;0.0000000000;0.0000000077;NONE
StableMarriage;41-stable_marriage-0-0.asp;1.9944078821;0.0049705226;1.9894373595;0.0024922297;0.9975077703;0.0037198370;0.0000000000;0.9907165965;0.0055635665;0.0000000000;0.0000000000;0.0000000077;NONE
StableMarriage;12-stable_marriage-0-0.asp;1.9944078732;0.0049703213;1.9894375519;0.0024921288;0.9975078712;0.0037198378;0.0000000000;0.9907167884;0.0055633738;0.0000000000;0.0000000000;0.0000000077;NONE
StableMarriage;66-stable_marriage-0-0.asp;1.9925578233;0.0066134863;1.9859443370;0.0033190938;0.9966809062;0.0049465578;0.0000000000;0.9876627168;0.0073907254;0.0000000000;0.0000000000;0.0000000183;idlv+clasp-handy
StableMarriage;61-stable_marriage-0-0.asp;1.9944078632;0.0049699188;1.9894379444;0.0024919270;0.9975080730;0.0037198392;0.0000000000;0.9907171800;0.0055629808;0.0000000000;0.0000000000;0.0000000077;NONE
StableMarriage;9-stable_marriage-0-0.asp;1.9944080976;0.0049703302;1.9894377674;0.0024921330;0.9975078670;0.0037198386;0.0000000000;0.9907170034;0.0055631581;0.0000000000;0.0000000000;0.0000000077;NONE
StableMarriage;16-stable_marriage-0-0.asp;1.9944073773;0.0049701718;1.9894372056;0.0024920544;0.9975079456;0.0037198365;0.0000000000;0.9907164429;0.0055637206;0.0000000000;0.0000000000;0.0000000077;NONE
StableMarriage;13-stable_marriage-0-0.asp;1.9944079106;0.0049700893;1.9894378213;0.0024920124;0.9975079876;0.0037198388;0.0000000000;0.9907170571;0.0055631041;0.0000000000;0.0000000000;0.0000000077;NONE
StableMarriage;14-stable_marriage-0-0.asp;1.9944075808;0.0049705907;1.9894369901;0.0024922643;0.9975077357;0.0037198356;0.0000000000;0.9907162279;0.0055639364;0.0000000000;0.0000000000;0.0000000077;NONE
StableMarriage;47-stable_marriage-0-0.asp;1.9944078722;0.0049701433;1.9894377289;0.0024920395;0.9975079605;0.0037198384;0.0000000000;0.9907169650;0.0055631966;0.0000000000;0.0000000000;0.0000000077;NONE
StableMarriage;56-stable_marriage-0-0.asp;1.9939609635;0.0053704756;1.9885904879;0.0026933705;0.9973066295;0.0040188469;0.0000000000;0.9899759566;0.0060051965;0.0000000000;0.0000000000;0.0000000098;idlv+clasp-trendy
StableMarriage;53-stable_marriage-0-0.asp;1.9925581879;0.0066133607;1.9859448272;0.0033190302;0.9966809698;0.0049465603;0.0000000000;0.9876632053;0.0073902344;0.0000000000;0.0000000000;0.0000000183;idlv+clasp-trendy
StableMarriage;7-stable_marriage-0-0.asp;1.9939604548;0.0053703360;1.9885901188;0.0026933012;0.9973066988;0.0040188454;0.0000000000;0.9899755885;0.0060055661;0.0000000000;0.0000000000;0.0000000098;NONE
StableMarriage;6-stable_marriage-0-0.asp;1.9936187995;0.0056763105;1.9879424890;0.0028472397;0.9971527603;0.0042463912;0.0000000000;0.9894091537;0.0063444551;0.0000000000;0.0000000000;0.0000000116;idlv+clasp-jumpy
StableMarriage;42-stable_marriage-0-0.asp;1.9936184019;0.0056754314;1.9879429705;0.0028467993;0.9971532007;0.0042463933;0.0000000000;0.9894096338;0.0063439729;0.0000000000;0.0000000000;0.0000000116;idlv+clasp-trendy
StableMarriage;49-stable_marriage-0-0.asp;1.9944077026;0.0049702431;1.9894374595;0.0024920898;0.9975079102;0.0037198374;0.0000000000;0.9907166963;0.0055634663;0.0000000000;0.0000000000;0.0000000077;NONE
StableMarriage;69-stable_marriage-0-0.asp;1.9941156075;0.0052306447;1.9888849628;0.0026230399;0.9973769601;0.0039139649;0.0000000000;0.9902331216;0.0058529135;0.0000000000;0.0000000000;0.0000000090;NONE
StableMarriage;18-stable_marriage-0-0.asp;1.9944079190;0.0049702209;1.9894376981;0.0024920784;0.9975079216;0.0037198383;0.0000000000;0.9907169343;0.0055632274;0.0000000000;0.0000000000;0.0000000077;NONE
StableMarriage;29-stable_marriage-0-0.asp;1.9944081845;0.0049706634;1.9894375211;0.0024922999;0.9975077001;0.0037198376;0.0000000000;0.9907167577;0.0055634047;0.0000000000;0.0000000000;0.0000000077;NONE
StableMarriage;57-stable_marriage-0-0.asp;1.9941152187;0.0052304622;1.9888847565;0.0026229488;0.9973770512;0.0039139641;0.0000000000;0.9902329158;0.0058531201;0.0000000000;0.0000000000;0.0000000090;NONE
StableMarriage;19-stable_marriage-0-0.asp;1.9925589629;0.0066143718;1.9859445912;0.0033195363;0.9966804637;0.0049465591;0.0000000000;0.9876629701;0.0073904708;0.0000000000;0.0000000000;0.0000000183;idlv+clasp-trendy
StableMarriage;70-stable_marriage-0-0.asp;1.9944080287;0.0049704614;1.9894375673;0.0024921989;0.9975078011;0.0037198378;0.0000000000;0.9907168038;0.0055633584;0.0000000000;0.0000000000;0.0000000077;NONE
StableMarriage;55-stable_marriage-0-0.asp;1.9936185400;0.0056753976;1.9879431425;0.0028467821;0.9971532179;0.0042463940;0.0000000000;0.9894098053;0.0063438007;0.0000000000;0.0000000000;0.0000000116;idlv+clasp-trendy
StableMarriage;44-stable_marriage-0-0.asp;1.9944080138;0.0049705619;1.9894374518;0.0024922493;0.9975077507;0.0037198374;0.0000000000;0.9907166886;0.0055634740;0.0000000000;0.0000000000;0.0000000077;NONE
StableMarriage;67-stable_marriage-0-0.asp;1.9936183807;0.0056757197;1.9879426610;0.0028469439;0.9971530561;0.0042463920;0.0000000000;0.9894093251;0.0063442829;0.0000000000;0.0000000000;0.0000000116;idlv+clasp-jumpy
StableMarriage;58-stable_marriage-0-0.asp;1.9944080892;0.0049702140;1.9894378751;0.0024920747;0.9975079253;0.0037198390;0.0000000000;0.9907171109;0.0055630502;0.0000000000;0.0000000000;0.0000000077;NONE
StableMarriage;68-stable_marriage-0-0.asp;1.9939610337;0.0053707887;1.9885902451;0.0026935274;0.9973064726;0.0040188459;0.0000000000;0.9899757144;0.0060054397;0.0000000000;0.0000000000;0.0000000098;NONE
StableMarriage;8-stable_marriage-0-0.asp;1.9941158139;0.0052304744;1.9888853395;0.0026229542;0.9973770458;0.0039139664;0.0000000000;0.9902334974;0.0058525362;0.0000000000;0.0000000000;0.0000000090;NONE
StableMarriage;26-stable_marriage-0-0.asp;1.9944079427;0.0049702984;1.9894376442;0.0024921172;0.9975078828;0.0037198381;0.0000000000;0.9907168805;0.0055632814;0.0000000000;0.0000000000;0.0000000077;NONE
StableMarriage;10-stable_marriage-0-0.asp;1.9944087713;0.0049704729;1.9894382984;0.0024922037;0.9975077963;0.0037198405;0.0000000000;0.9907175331;0.0055626263;0.0000000000;0.0000000000;0.0000000077;NONE
StableMarriage;22-stable_marriage-0-0.asp;1.9939610259;0.0053711111;1.9885899148;0.0026936891;0.9973063109;0.0040188446;0.0000000000;0.9899753850;0.0060057704;0.0000000000;0.0000000000;0.0000000098;NONE
StableMarriage;51-stable_marriage-0-0.asp;1.9944078049;0.0049705532;1.9894372517;0.0024922451;0.9975077549;0.0037198366;0.0000000000;0.9907164890;0.0055636744;0.0000000000;0.0000000000;0.0000000077;NONE
StableMarriage;43-stable_marriage-0-0.asp;1.9944073383;0.0049701097;1.9894372286;0.0024920234;0.9975079766;0.0037198365;0.0000000000;0.9907164659;0.0055636975;0.0000000000;0.0000000000;0.0000000077;NONE
StableMarriage;27-stable_marriage-0-0.asp;1.9944076632;0.0049701113;1.9894375519;0.0024920238;0.9975079762;0.0037198378;0.0000000000;0.9907167884;0.0055633738;0.0000000000;0.0000000000;0.0000000077;NONE
StableMarriage;15-stable_marriage-0-0.asp;1.9944071291;0.0049700544;1.9894370747;0.0024919959;0.9975080041;0.0037198360;0.0000000000;0.9907163124;0.0055638517;0.0000000000;0.0000000000;0.0000000077;NONE
StableMarriage;40-stable_marriage-0-0.asp;1.9944075456;0.0049698321;1.9894377135;0.0024918839;0.9975081161;0.0037198384;0.0000000000;0.9907169496;0.0055632120;0.0000000000;0.0000000000;0.0000000077;NONE
StableMarriage;34-stable_marriage-0-0.asp;1.9944078256;0.0049701121;1.9894377135;0.0024920240;0.9975079760;0.0037198384;0.0000000000;0.9907169496;0.0055632120;0.0000000000;0.0000000000;0.0000000077;NONE
StableMarriage;45-stable_marriage-0-0.asp;1.9939608395;0.0053709733;1.9885898663;0.0026936202;0.9973063798;0.0040188444;0.0000000000;0.9899753366;0.0060058190;0.0000000000;0.0000000000;0.0000000098;NONE
StableMarriage;60-stable_marriage-0-0.asp;1.9944081826;0.0049703229;1.9894378597;0.0024921292;0.9975078708;0.0037198389;0.0000000000;0.9907170955;0.0055630656;0.0000000000;0.0000000000;0.0000000077;NONE
StableMarriage;35-stable_marriage-0-0.asp;1.9925583194;0.0066138371;1.9859444822;0.0033192690;0.9966807310;0.0049465586;0.0000000000;0.9876628615;0.0073905799;0.0000000000;0.0000000000;0.0000000183;idlv+clasp-trendy
StableMarriage;3-stable_marriage-0-0.asp;1.9944080530;0.0049706550;1.9894373980;0.0024922959;0.9975077041;0.0037198372;0.0000000000;0.9907166348;0.0055635280;0.0000000000;0.0000000000;0.0000000077;NONE
StableMarriage;52-stable_marriage-0-0.asp;1.9944076483;0.0049702196;1.9894374287;0.0024920781;0.9975079219;0.0037198373;0.0000000000;0.9907166656;0.0055634971;0.0000000000;0.0000000000;0.0000000077;NONE
StableMarriage;37-stable_marriage-0-0.asp;1.9936184397;0.0056759277;1.9879425119;0.0028470482;0.9971529518;0.0042463913;0.0000000000;0.9894091765;0.0063444322;0.0000000000;0.0000000000;0.0000000116;idlv+clasp-trendy
StableMarriage;65-stable_marriage-0-0.asp;1.9944080357;0.0049703299;1.9894377058;0.0024921329;0.9975078671;0.0037198383;0.0000000000;0.9907169420;0.0055632197;0.0000000000;0.0000000000;0.0000000077;NONE
StableMarriage;74-stable_marriage-0-0.asp;1.9944080044;0.0049702678;1.9894377366;0.0024921018;0.9975078982;0.0037198384;0.0000000000;0.9907169727;0.0055631889;0.0000000000;0.0000000000;0.0000000077;NONE
StableMarriage;46-stable_marriage-0-0.asp;1.9944075771;0.0049699406;1.9894376366;0.0024919383;0.9975080617;0.0037198381;0.0000000000;0.9907168729;0.0055632891;0.0000000000;0.0000000000;0.0000000077;NONE
StableMarriage;59-stable_marriage-0-0.asp;1.9944075000;0.0049699866;1.9894375134;0.0024919615;0.9975080385;0.0037198376;0.0000000000;0.9907167500;0.0055634124;0.0000000000;0.0000000000;0.0000000077;NONE
StableMarriage;XX-stablemarriage-0-0.asp;1.9710512745;0.0258429375;1.9452083370;0.0131112457;0.9868887543;0.0191809316;0.0000000000;0.9526529360;0.0281661324;0.0000000000;0.0000000000;0.0000011366;idlv+clasp-tweety
StableMarriage;23-stable_marriage-0-0.asp;1.9941150985;0.0052299653;1.9888851332;0.0026226998;0.9973773002;0.0039139656;0.0000000000;0.9902332916;0.0058527428;0.0000000000;0.0000000000;0.0000000090;idlv+wasp
StableMarriage;31-stable_marriage-0-0.asp;1.9925584159;0.0066145327;1.9859438832;0.0033196180;0.9966803820;0.0049465556;0.0000000000;0.9876622644;0.0073911800;0.0000000000;0.0000000000;0.0000000183;idlv+clasp-trendy
StableMarriage;48-stable_marriage-0-0.asp;1.9944076647;0.0049703822;1.9894372825;0.0024921596;0.9975078404;0.0037198367;0.0000000000;0.9907165197;0.0055636436;0.0000000000;0.0000000000;0.0000000077;NONE
StableMarriage;54-stable_marriage-0-0.asp;1.9944079199;0.0049703757;1.9894375442;0.0024921560;0.9975078440;0.0037198377;0.0000000000;0.9907167807;0.0055633816;0.0000000000;0.0000000000;0.0000000077;NONE
StableMarriage;73-stable_marriage-0-0.asp;1.9944074867;0.0049703658;1.9894371209;0.0024921516;0.9975078484;0.0037198361;0.0000000000;0.9907163584;0.0055638054;0.0000000000;0.0000000000;0.0000000077;NONE
StableMarriage;21-stable_marriage-0-0.asp;1.9936180521;0.0056748179;1.9879432342;0.0028464920;0.9971535080;0.0042463944;0.0000000000;0.9894098968;0.0063437088;0.0000000000;0.0000000000;0.0000000116;NONE
StableMarriage;20-stable_marriage-0-0.asp;1.9944075476;0.0049701958;1.9894373518;0.0024920663;0.9975079337;0.0037198370;0.0000000000;0.9907165888;0.0055635742;0.0000000000;0.0000000000;0.0000000077;NONE
StableMarriage;50-stable_marriage-0-0.asp;1.9944079816;0.0049703373;1.9894376442;0.0024921367;0.9975078633;0.0037198381;0.0000000000;0.9907168805;0.0055632814;0.0000000000;0.0000000000;0.0000000077;NONE
StableMarriage;64-stable_marriage-0-0.asp;1.9944079344;0.0049701978;1.9894377366;0.0024920668;0.9975079332;0.0037198384;0.0000000000;0.9907169727;0.0055631889;0.0000000000;0.0000000000;0.0000000077;NONE
