ValvesLocationProblem;0300-ValvesLocationProblem-710-0.asp;10.9549853128;4.9604803400;5.9945049727;0.4528057499;0.5471942501;0.0463956480;0.0000031228;0.0022546717;0.8317209204;0.0398752124;0.0797504247;0.0000031228;NONE
ValvesLocationProblem;0280-ValvesLocationProblem-210-0.asp;4.3678187608;1.8076489319;2.5601698288;0.4138562131;0.5861437869;0.0592567167;0.0000312042;0.0069585297;0.8190782289;0.0382251069;0.0764502137;0.0000312042;NONE
ValvesLocationProblem;0228-ValvesLocationProblem-710-0.asp;10.9516564096;4.9586454105;5.9930109991;0.4527758382;0.5472241618;0.0463792818;0.0000031217;0.0026066299;0.8314275279;0.0398611462;0.0797222925;0.0000031217;NONE
ValvesLocationProblem;0244-ValvesLocationProblem-710-0.asp;10.9516564096;4.9586454105;5.9930109991;0.4527758382;0.5472241618;0.0463792818;0.0000031217;0.0026066299;0.8314275279;0.0398611462;0.0797222925;0.0000031217;NONE
ValvesLocationProblem;0304-ValvesLocationProblem-210-0.asp;4.3650067919;1.8055527946;2.5594539973;0.4136426083;0.5863573917;0.0591920703;0.0000311701;0.0080418927;0.8181846518;0.0381834050;0.0763668100;0.0000311701;idlv+clasp-handy
ValvesLocationProblem;0264-ValvesLocationProblem-210-0.asp;4.3678187608;1.8076489319;2.5601698288;0.4138562131;0.5861437869;0.0592567167;0.0000312042;0.0069585297;0.8190782289;0.0382251069;0.0764502137;0.0000312042;NONE
ValvesLocationProblem;0277-ValvesLocationProblem-450-0.asp;13.6007695681;6.3351676712;7.2656018969;0.4657947949;0.5342052051;0.0446393813;0.0000018538;0.0019817068;0.8348305817;0.0395154922;0.0790309843;0.0000018538;NONE
ValvesLocationProblem;0255-ValvesLocationProblem-166-0.asp;4.1978736850;1.7248429426;2.4730307424;0.4108849079;0.5891150921;0.0603583779;0.0000349296;0.0083132488;0.8171783856;0.0380383527;0.0760767054;0.0000349296;NONE
ValvesLocationProblem;0018-ValvesLocationProblem-73-0.asp;7.4659158700;3.3836192472;4.0822966229;0.4532088636;0.5467911364;0.0485044406;0.0000069223;0.0036272766;0.8341420868;0.0379064246;0.0758128491;0.0000069223;idlv+clasp-handy
ValvesLocationProblem;0009-ValvesLocationProblem-210-0.asp;4.3678187608;1.8076489319;2.5601698288;0.4138562131;0.5861437869;0.0592567167;0.0000312042;0.0069585297;0.8190782289;0.0382251069;0.0764502137;0.0000312042;idlv+clasp-frumpy
ValvesLocationProblem;0057-ValvesLocationProblem-466-0.asp;4.4291584689;1.9410753866;2.4880830822;0.4382492522;0.5617507478;0.0567105974;0.0000234924;0.0055207085;0.8359762257;0.0339229920;0.0678459840;0.0000234924;idlv+clasp-handy
ValvesLocationProblem;0176-ValvesLocationProblem-210-0.asp;4.3650067919;1.8055527946;2.5594539973;0.4136426083;0.5863573917;0.0591920703;0.0000311701;0.0080418927;0.8181846518;0.0381834050;0.0763668100;0.0000311701;NONE
ValvesLocationProblem;0154-ValvesLocationProblem-73-0.asp;7.4689256078;3.3854418402;4.0834837677;0.4532702584;0.5467297416;0.0485292997;0.0000069258;0.0031166241;0.8345695942;0.0379258521;0.0758517041;0.0000069258;NONE
ValvesLocationProblem;0174-ValvesLocationProblem-2053-0.asp;13.9312257135;6.5839720896;7.3472536239;0.4726053705;0.5273946295;0.0445123558;0.0000017563;0.0016720235;0.8352617806;0.0395173613;0.0790347226;0.0000017563;NONE
ValvesLocationProblem;0230-ValvesLocationProblem-2053-0.asp;13.9279314045;6.5821572432;7.3457741613;0.4725868510;0.5274131490;0.0445006321;0.0000017559;0.0019349628;0.8350417896;0.0395069532;0.0790139064;0.0000017559;NONE
ValvesLocationProblem;0033-ValvesLocationProblem-466-0.asp;4.4267870916;1.9392401284;2.4875469633;0.4380694369;0.5619305631;0.0566600164;0.0000234714;0.0064076986;0.8352306067;0.0338927356;0.0677854712;0.0000234714;idlv+clasp-tweety
ValvesLocationProblem;0029-ValvesLocationProblem-450-0.asp;13.6040608841;6.3369629354;7.2670979488;0.4658140675;0.5341859325;0.0446514664;0.0000018543;0.0017115159;0.8350565931;0.0395261901;0.0790523802;0.0000018543;idlv+clasp-trendy
ValvesLocationProblem;0061-ValvesLocationProblem-450-0.asp;13.6040608841;6.3369629354;7.2670979488;0.4658140675;0.5341859325;0.0446514664;0.0000018543;0.0017115159;0.8350565931;0.0395261901;0.0790523802;0.0000018543;NONE
ValvesLocationProblem;0126-ValvesLocationProblem-2053-0.asp;13.9312257135;6.5839720896;7.3472536239;0.4726053705;0.5273946295;0.0445123558;0.0000017563;0.0016720235;0.8352617806;0.0395173613;0.0790347226;0.0000017563;NONE
ValvesLocationProblem;0080-ValvesLocationProblem-210-0.asp;4.3650067919;1.8055527946;2.5594539973;0.4136426083;0.5863573917;0.0591920703;0.0000311701;0.0080418927;0.8181846518;0.0381834050;0.0763668100;0.0000311701;idlv+clasp-jumpy
ValvesLocationProblem;0225-ValvesLocationProblem-466-0.asp;4.4267870916;1.9392401284;2.4875469633;0.4380694369;0.5619305631;0.0566600164;0.0000234714;0.0064076986;0.8352306067;0.0338927356;0.0677854712;0.0000234714;NONE
ValvesLocationProblem;0217-ValvesLocationProblem-466-0.asp;4.4291584689;1.9410753866;2.4880830822;0.4382492522;0.5617507478;0.0567105974;0.0000234924;0.0055207085;0.8359762257;0.0339229920;0.0678459840;0.0000234924;NONE
ValvesLocationProblem;0184-ValvesLocationProblem-210-0.asp;4.3678187608;1.8076489319;2.5601698288;0.4138562131;0.5861437869;0.0592567167;0.0000312042;0.0069585297;0.8190782289;0.0382251069;0.0764502137;0.0000312042;NONE
ValvesLocationProblem;0245-ValvesLocationProblem-450-0.asp;13.6007695681;6.3351676712;7.2656018969;0.4657947949;0.5342052051;0.0446393813;0.0000018538;0.0019817068;0.8348305817;0.0395154922;0.0790309843;0.0000018538;NONE
ValvesLocationProblem;0022-ValvesLocationProblem-2053-0.asp;13.9279314045;6.5821572432;7.3457741613;0.4725868510;0.5274131490;0.0445006321;0.0000017559;0.0019349628;0.8350417896;0.0395069532;0.0790139064;0.0000017559;idlv+clasp-jumpy
ValvesLocationProblem;0109-ValvesLocationProblem-450-0.asp;13.6040608841;6.3369629354;7.2670979488;0.4658140675;0.5341859325;0.0446514664;0.0000018543;0.0017115159;0.8350565931;0.0395261901;0.0790523802;0.0000018543;NONE
ValvesLocationProblem;0212-ValvesLocationProblem-710-0.asp;10.9516564096;4.9586454105;5.9930109991;0.4527758382;0.5472241618;0.0463792818;0.0000031217;0.0026066299;0.8314275279;0.0398611462;0.0797222925;0.0000031217;NONE
ValvesLocationProblem;0040-ValvesLocationProblem-210-0.asp;4.3678187608;1.8076489319;2.5601698288;0.4138562131;0.5861437869;0.0592567167;0.0000312042;0.0069585297;0.8190782289;0.0382251069;0.0764502137;0.0000312042;idlv+clasp-trendy
ValvesLocationProblem;0273-ValvesLocationProblem-466-0.asp;4.4267870916;1.9392401284;2.4875469633;0.4380694369;0.5619305631;0.0566600164;0.0000234714;0.0064076986;0.8352306067;0.0338927356;0.0677854712;0.0000234714;NONE
ValvesLocationProblem;0077-ValvesLocationProblem-450-0.asp;13.6040608841;6.3369629354;7.2670979488;0.4658140675;0.5341859325;0.0446514664;0.0000018543;0.0017115159;0.8350565931;0.0395261901;0.0790523802;0.0000018543;NONE
ValvesLocationProblem;0305-ValvesLocationProblem-466-0.asp;4.4267870916;1.9392401284;2.4875469633;0.4380694369;0.5619305631;0.0566600164;0.0000234714;0.0064076986;0.8352306067;0.0338927356;0.0677854712;0.0000234714;NONE
ValvesLocationProblem;0085-ValvesLocationProblem-450-0.asp;13.6007695681;6.3351676712;7.2656018969;0.4657947949;0.5342052051;0.0446393813;0.0000018538;0.0019817068;0.8348305817;0.0395154922;0.0790309843;0.0000018538;NONE
ValvesLocationProblem;0121-ValvesLocationProblem-466-0.asp;4.4291584689;1.9410753866;2.4880830822;0.4382492522;0.5617507478;0.0567105974;0.0000234924;0.0055207085;0.8359762257;0.0339229920;0.0678459840;0.0000234924;NONE
ValvesLocationProblem;0078-ValvesLocationProblem-2053-0.asp;13.9312257135;6.5839720896;7.3472536239;0.4726053705;0.5273946295;0.0445123558;0.0000017563;0.0016720235;0.8352617806;0.0395173613;0.0790347226;0.0000017563;NONE
ValvesLocationProblem;0205-ValvesLocationProblem-450-0.asp;13.6040608841;6.3369629354;7.2670979488;0.4658140675;0.5341859325;0.0446514664;0.0000018543;0.0017115159;0.8350565931;0.0395261901;0.0790523802;0.0000018543;NONE
ValvesLocationProblem;0270-ValvesLocationProblem-2053-0.asp;13.9312257135;6.5839720896;7.3472536239;0.4726053705;0.5273946295;0.0445123558;0.0000017563;0.0016720235;0.8352617806;0.0395173613;0.0790347226;0.0000017563;NONE
ValvesLocationProblem;0259-ValvesLocationProblem-711-0.asp;9.0288186160;4.1322737619;4.8965448541;0.4576760192;0.5423239808;0.0474670032;0.0000047443;0.0031502339;0.8315146742;0.0392877815;0.0785755629;0.0000047443;NONE
ValvesLocationProblem;0240-ValvesLocationProblem-210-0.asp;4.3650067919;1.8055527946;2.5594539973;0.4136426083;0.5863573917;0.0591920703;0.0000311701;0.0080418927;0.8181846518;0.0381834050;0.0763668100;0.0000311701;NONE
ValvesLocationProblem;0102-ValvesLocationProblem-2053-0.asp;13.9279314045;6.5821572432;7.3457741613;0.4725868510;0.5274131490;0.0445006321;0.0000017559;0.0019349628;0.8350417896;0.0395069532;0.0790139064;0.0000017559;NONE
ValvesLocationProblem;0237-ValvesLocationProblem-450-0.asp;13.6040608841;6.3369629354;7.2670979488;0.4658140675;0.5341859325;0.0446514664;0.0000018543;0.0017115159;0.8350565931;0.0395261901;0.0790523802;0.0000018543;NONE
ValvesLocationProblem;0299-ValvesLocationProblem-711-0.asp;9.0320158260;4.1341475568;4.8978682692;0.4577214695;0.5422785305;0.0474875052;0.0000047464;0.0027196742;0.8318738223;0.0393047506;0.0786095013;0.0000047464;NONE
ValvesLocationProblem;0155-ValvesLocationProblem-711-0.asp;9.0320158260;4.1341475568;4.8978682692;0.4577214695;0.5422785305;0.0474875052;0.0000047464;0.0027196742;0.8318738223;0.0393047506;0.0786095013;0.0000047464;NONE
ValvesLocationProblem;0122-ValvesLocationProblem-73-0.asp;7.4689256078;3.3854418402;4.0834837677;0.4532702584;0.5467297416;0.0485292997;0.0000069258;0.0031166241;0.8345695942;0.0379258521;0.0758517041;0.0000069258;NONE
ValvesLocationProblem;0117-ValvesLocationProblem-450-0.asp;13.6007695681;6.3351676712;7.2656018969;0.4657947949;0.5342052051;0.0446393813;0.0000018538;0.0019817068;0.8348305817;0.0395154922;0.0790309843;0.0000018538;NONE
ValvesLocationProblem;0047-ValvesLocationProblem-166-0.asp;4.1978736850;1.7248429426;2.4730307424;0.4108849079;0.5891150921;0.0603583779;0.0000349296;0.0083132488;0.8171783856;0.0380383527;0.0760767054;0.0000349296;idlv+clasp-handy
ValvesLocationProblem;0209-ValvesLocationProblem-466-0.asp;4.4267870916;1.9392401284;2.4875469633;0.4380694369;0.5619305631;0.0566600164;0.0000234714;0.0064076986;0.8352306067;0.0338927356;0.0677854712;0.0000234714;NONE
ValvesLocationProblem;0099-ValvesLocationProblem-711-0.asp;9.0288186160;4.1322737619;4.8965448541;0.4576760192;0.5423239808;0.0474670032;0.0000047443;0.0031502339;0.8315146742;0.0392877815;0.0785755629;0.0000047443;NONE
ValvesLocationProblem;0263-ValvesLocationProblem-166-0.asp;4.2006848295;1.7269614411;2.4737233884;0.4111142614;0.5888857386;0.0604280319;0.0000349699;0.0071688348;0.8181214156;0.0380822493;0.0761644985;0.0000349699;NONE
ValvesLocationProblem;0021-ValvesLocationProblem-450-0.asp;13.6007695681;6.3351676712;7.2656018969;0.4657947949;0.5342052051;0.0446393813;0.0000018538;0.0019817068;0.8348305817;0.0395154922;0.0790309843;0.0000018538;idlv+clasp-crafty
ValvesLocationProblem;0073-ValvesLocationProblem-466-0.asp;4.4291584689;1.9410753866;2.4880830822;0.4382492522;0.5617507478;0.0567105974;0.0000234924;0.0055207085;0.8359762257;0.0339229920;0.0678459840;0.0000234924;idlv+clasp-jumpy
ValvesLocationProblem;0058-ValvesLocationProblem-73-0.asp;7.4689256078;3.3854418402;4.0834837677;0.4532702584;0.5467297416;0.0485292997;0.0000069258;0.0031166241;0.8345695942;0.0379258521;0.0758517041;0.0000069258;NONE
ValvesLocationProblem;0282-ValvesLocationProblem-73-0.asp;7.4689256078;3.3854418402;4.0834837677;0.4532702584;0.5467297416;0.0485292997;0.0000069258;0.0031166241;0.8345695942;0.0379258521;0.0758517041;0.0000069258;NONE
ValvesLocationProblem;0151-ValvesLocationProblem-166-0.asp;4.2006848295;1.7269614411;2.4737233884;0.4111142614;0.5888857386;0.0604280319;0.0000349699;0.0071688348;0.8181214156;0.0380822493;0.0761644985;0.0000349699;NONE
ValvesLocationProblem;0314-ValvesLocationProblem-73-0.asp;7.4689256078;3.3854418402;4.0834837677;0.4532702584;0.5467297416;0.0485292997;0.0000069258;0.0031166241;0.8345695942;0.0379258521;0.0758517041;0.0000069258;NONE
ValvesLocationProblem;0173-ValvesLocationProblem-450-0.asp;13.6040608841;6.3369629354;7.2670979488;0.4658140675;0.5341859325;0.0446514664;0.0000018543;0.0017115159;0.8350565931;0.0395261901;0.0790523802;0.0000018543;NONE
ValvesLocationProblem;0127-ValvesLocationProblem-166-0.asp;4.1978736850;1.7248429426;2.4730307424;0.4108849079;0.5891150921;0.0603583779;0.0000349296;0.0083132488;0.8171783856;0.0380383527;0.0760767054;0.0000349296;NONE
ValvesLocationProblem;0201-ValvesLocationProblem-466-0.asp;4.4291584689;1.9410753866;2.4880830822;0.4382492522;0.5617507478;0.0567105974;0.0000234924;0.0055207085;0.8359762257;0.0339229920;0.0678459840;0.0000234924;NONE
ValvesLocationProblem;0054-ValvesLocationProblem-2053-0.asp;13.9279314045;6.5821572432;7.3457741613;0.4725868510;0.5274131490;0.0445006321;0.0000017559;0.0019349628;0.8350417896;0.0395069532;0.0790139064;0.0000017559;NONE
ValvesLocationProblem;0113-ValvesLocationProblem-466-0.asp;4.4267870916;1.9392401284;2.4875469633;0.4380694369;0.5619305631;0.0566600164;0.0000234714;0.0064076986;0.8352306067;0.0338927356;0.0677854712;0.0000234714;NONE
ValvesLocationProblem;0084-ValvesLocationProblem-710-0.asp;10.9516564096;4.9586454105;5.9930109991;0.4527758382;0.5472241618;0.0463792818;0.0000031217;0.0026066299;0.8314275279;0.0398611462;0.0797222925;0.0000031217;NONE
ValvesLocationProblem;0254-ValvesLocationProblem-2053-0.asp;13.9312257135;6.5839720896;7.3472536239;0.4726053705;0.5273946295;0.0445123558;0.0000017563;0.0016720235;0.8352617806;0.0395173613;0.0790347226;0.0000017563;NONE
ValvesLocationProblem;0301-ValvesLocationProblem-450-0.asp;13.6040608841;6.3369629354;7.2670979488;0.4658140675;0.5341859325;0.0446514664;0.0000018543;0.0017115159;0.8350565931;0.0395261901;0.0790523802;0.0000018543;NONE
ValvesLocationProblem;0312-ValvesLocationProblem-210-0.asp;4.3678187608;1.8076489319;2.5601698288;0.4138562131;0.5861437869;0.0592567167;0.0000312042;0.0069585297;0.8190782289;0.0382251069;0.0764502137;0.0000312042;NONE
ValvesLocationProblem;0076-ValvesLocationProblem-710-0.asp;10.9549853128;4.9604803400;5.9945049727;0.4528057499;0.5471942501;0.0463956480;0.0000031228;0.0022546717;0.8317209204;0.0398752124;0.0797504247;0.0000031228;NONE
ValvesLocationProblem;0032-ValvesLocationProblem-210-0.asp;4.3650067919;1.8055527946;2.5594539973;0.4136426083;0.5863573917;0.0591920703;0.0000311701;0.0080418927;0.8181846518;0.0381834050;0.0763668100;0.0000311701;idlv+clasp-tweety
ValvesLocationProblem;0056-ValvesLocationProblem-210-0.asp;4.3678187608;1.8076489319;2.5601698288;0.4138562131;0.5861437869;0.0592567167;0.0000312042;0.0069585297;0.8190782289;0.0382251069;0.0764502137;0.0000312042;idlv+clasp-crafty
ValvesLocationProblem;0148-ValvesLocationProblem-710-0.asp;10.9516564096;4.9586454105;5.9930109991;0.4527758382;0.5472241618;0.0463792818;0.0000031217;0.0026066299;0.8314275279;0.0398611462;0.0797222925;0.0000031217;NONE
ValvesLocationProblem;0285-ValvesLocationProblem-450-0.asp;13.6040608841;6.3369629354;7.2670979488;0.4658140675;0.5341859325;0.0446514664;0.0000018543;0.0017115159;0.8350565931;0.0395261901;0.0790523802;0.0000018543;NONE
ValvesLocationProblem;0272-ValvesLocationProblem-210-0.asp;4.3650067919;1.8055527946;2.5594539973;0.4136426083;0.5863573917;0.0591920703;0.0000311701;0.0080418927;0.8181846518;0.0381834050;0.0763668100;0.0000311701;NONE
ValvesLocationProblem;0214-ValvesLocationProblem-2053-0.asp;13.9279314045;6.5821572432;7.3457741613;0.4725868510;0.5274131490;0.0445006321;0.0000017559;0.0019349628;0.8350417896;0.0395069532;0.0790139064;0.0000017559;NONE
ValvesLocationProblem;0048-ValvesLocationProblem-210-0.asp;4.3650067919;1.8055527946;2.5594539973;0.4136426083;0.5863573917;0.0591920703;0.0000311701;0.0080418927;0.8181846518;0.0381834050;0.0763668100;0.0000311701;idlv+clasp-jumpy
ValvesLocationProblem;0075-ValvesLocationProblem-711-0.asp;9.0320158260;4.1341475568;4.8978682692;0.4577214695;0.5422785305;0.0474875052;0.0000047464;0.0027196742;0.8318738223;0.0393047506;0.0786095013;0.0000047464;NONE
ValvesLocationProblem;0115-ValvesLocationProblem-711-0.asp;9.0288186160;4.1322737619;4.8965448541;0.4576760192;0.5423239808;0.0474670032;0.0000047443;0.0031502339;0.8315146742;0.0392877815;0.0785755629;0.0000047443;NONE
ValvesLocationProblem;0198-ValvesLocationProblem-2053-0.asp;13.9279314045;6.5821572432;7.3457741613;0.4725868510;0.5274131490;0.0445006321;0.0000017559;0.0019349628;0.8350417896;0.0395069532;0.0790139064;0.0000017559;NONE
ValvesLocationProblem;0055-ValvesLocationProblem-166-0.asp;4.2006848295;1.7269614411;2.4737233884;0.4111142614;0.5888857386;0.0604280319;0.0000349699;0.0071688348;0.8181214156;0.0380822493;0.0761644985;0.0000349699;idlv+clasp-crafty
ValvesLocationProblem;0146-ValvesLocationProblem-73-0.asp;7.4659158700;3.3836192472;4.0822966229;0.4532088636;0.5467911364;0.0485044406;0.0000069223;0.0036272766;0.8341420868;0.0379064246;0.0758128491;0.0000069223;NONE
ValvesLocationProblem;0276-ValvesLocationProblem-710-0.asp;10.9516564096;4.9586454105;5.9930109991;0.4527758382;0.5472241618;0.0463792818;0.0000031217;0.0026066299;0.8314275279;0.0398611462;0.0797222925;0.0000031217;NONE
ValvesLocationProblem;0241-ValvesLocationProblem-466-0.asp;4.4267870916;1.9392401284;2.4875469633;0.4380694369;0.5619305631;0.0566600164;0.0000234714;0.0064076986;0.8352306067;0.0338927356;0.0677854712;0.0000234714;NONE
ValvesLocationProblem;0286-ValvesLocationProblem-2053-0.asp;13.9312257135;6.5839720896;7.3472536239;0.4726053705;0.5273946295;0.0445123558;0.0000017563;0.0016720235;0.8352617806;0.0395173613;0.0790347226;0.0000017563;NONE
ValvesLocationProblem;0224-ValvesLocationProblem-210-0.asp;4.3650067919;1.8055527946;2.5594539973;0.4136426083;0.5863573917;0.0591920703;0.0000311701;0.0080418927;0.8181846518;0.0381834050;0.0763668100;0.0000311701;NONE
ValvesLocationProblem;0008-ValvesLocationProblem-166-0.asp;4.2006848295;1.7269614411;2.4737233884;0.4111142614;0.5888857386;0.0604280319;0.0000349699;0.0071688348;0.8181214156;0.0380822493;0.0761644985;0.0000349699;idlv+clasp-frumpy
ValvesLocationProblem;0175-ValvesLocationProblem-166-0.asp;4.1978736850;1.7248429426;2.4730307424;0.4108849079;0.5891150921;0.0603583779;0.0000349296;0.0083132488;0.8171783856;0.0380383527;0.0760767054;0.0000349296;NONE
ValvesLocationProblem;0278-ValvesLocationProblem-2053-0.asp;13.9279314045;6.5821572432;7.3457741613;0.4725868510;0.5274131490;0.0445006321;0.0000017559;0.0019349628;0.8350417896;0.0395069532;0.0790139064;0.0000017559;NONE
ValvesLocationProblem;0196-ValvesLocationProblem-710-0.asp;10.9516564096;4.9586454105;5.9930109991;0.4527758382;0.5472241618;0.0463792818;0.0000031217;0.0026066299;0.8314275279;0.0398611462;0.0797222925;0.0000031217;NONE
ValvesLocationProblem;0016-ValvesLocationProblem-210-0.asp;4.3650067919;1.8055527946;2.5594539973;0.4136426083;0.5863573917;0.0591920703;0.0000311701;0.0080418927;0.8181846518;0.0381834050;0.0763668100;0.0000311701;idlv+clasp-jumpy
ValvesLocationProblem;0098-ValvesLocationProblem-73-0.asp;7.4659158700;3.3836192472;4.0822966229;0.4532088636;0.5467911364;0.0485044406;0.0000069223;0.0036272766;0.8341420868;0.0379064246;0.0758128491;0.0000069223;NONE
ValvesLocationProblem;0143-ValvesLocationProblem-166-0.asp;4.1978736850;1.7248429426;2.4730307424;0.4108849079;0.5891150921;0.0603583779;0.0000349296;0.0083132488;0.8171783856;0.0380383527;0.0760767054;0.0000349296;NONE
ValvesLocationProblem;0271-ValvesLocationProblem-166-0.asp;4.1978736850;1.7248429426;2.4730307424;0.4108849079;0.5891150921;0.0603583779;0.0000349296;0.0083132488;0.8171783856;0.0380383527;0.0760767054;0.0000349296;NONE
ValvesLocationProblem;0044-ValvesLocationProblem-710-0.asp;10.9549853128;4.9604803400;5.9945049727;0.4528057499;0.5471942501;0.0463956480;0.0000031228;0.0022546717;0.8317209204;0.0398752124;0.0797504247;0.0000031228;NONE
ValvesLocationProblem;0253-ValvesLocationProblem-450-0.asp;13.6040608841;6.3369629354;7.2670979488;0.4658140675;0.5341859325;0.0446514664;0.0000018543;0.0017115159;0.8350565931;0.0395261901;0.0790523802;0.0000018543;NONE
ValvesLocationProblem;0097-ValvesLocationProblem-466-0.asp;4.4267870916;1.9392401284;2.4875469633;0.4380694369;0.5619305631;0.0566600164;0.0000234714;0.0064076986;0.8352306067;0.0338927356;0.0677854712;0.0000234714;NONE
ValvesLocationProblem;0306-ValvesLocationProblem-73-0.asp;7.4659158700;3.3836192472;4.0822966229;0.4532088636;0.5467911364;0.0485044406;0.0000069223;0.0036272766;0.8341420868;0.0379064246;0.0758128491;0.0000069223;NONE
ValvesLocationProblem;0191-ValvesLocationProblem-166-0.asp;4.1978736850;1.7248429426;2.4730307424;0.4108849079;0.5891150921;0.0603583779;0.0000349296;0.0083132488;0.8171783856;0.0380383527;0.0760767054;0.0000349296;NONE
ValvesLocationProblem;0192-ValvesLocationProblem-210-0.asp;4.3650067919;1.8055527946;2.5594539973;0.4136426083;0.5863573917;0.0591920703;0.0000311701;0.0080418927;0.8181846518;0.0381834050;0.0763668100;0.0000311701;NONE
ValvesLocationProblem;0188-ValvesLocationProblem-710-0.asp;10.9549853128;4.9604803400;5.9945049727;0.4528057499;0.5471942501;0.0463956480;0.0000031228;0.0022546717;0.8317209204;0.0398752124;0.0797504247;0.0000031228;NONE
ValvesLocationProblem;0215-ValvesLocationProblem-166-0.asp;4.2006848295;1.7269614411;2.4737233884;0.4111142614;0.5888857386;0.0604280319;0.0000349699;0.0071688348;0.8181214156;0.0380822493;0.0761644985;0.0000349699;NONE
ValvesLocationProblem;0011-ValvesLocationProblem-711-0.asp;9.0320158260;4.1341475568;4.8978682692;0.4577214695;0.5422785305;0.0474875052;0.0000047464;0.0027196742;0.8318738223;0.0393047506;0.0786095013;0.0000047464;idlv+clasp-handy
ValvesLocationProblem;0284-ValvesLocationProblem-710-0.asp;10.9549853128;4.9604803400;5.9945049727;0.4528057499;0.5471942501;0.0463956480;0.0000031228;0.0022546717;0.8317209204;0.0398752124;0.0797504247;0.0000031228;NONE
ValvesLocationProblem;0316-ValvesLocationProblem-710-0.asp;10.9549853128;4.9604803400;5.9945049727;0.4528057499;0.5471942501;0.0463956480;0.0000031228;0.0022546717;0.8317209204;0.0398752124;0.0797504247;0.0000031228;NONE
ValvesLocationProblem;0193-ValvesLocationProblem-466-0.asp;4.4267870916;1.9392401284;2.4875469633;0.4380694369;0.5619305631;0.0566600164;0.0000234714;0.0064076986;0.8352306067;0.0338927356;0.0677854712;0.0000234714;NONE
ValvesLocationProblem;0203-ValvesLocationProblem-711-0.asp;9.0320158260;4.1341475568;4.8978682692;0.4577214695;0.5422785305;0.0474875052;0.0000047464;0.0027196742;0.8318738223;0.0393047506;0.0786095013;0.0000047464;NONE
ValvesLocationProblem;0083-ValvesLocationProblem-711-0.asp;9.0288186160;4.1322737619;4.8965448541;0.4576760192;0.5423239808;0.0474670032;0.0000047443;0.0031502339;0.8315146742;0.0392877815;0.0785755629;0.0000047443;NONE
ValvesLocationProblem;0139-ValvesLocationProblem-711-0.asp;9.0320158260;4.1341475568;4.8978682692;0.4577214695;0.5422785305;0.0474875052;0.0000047464;0.0027196742;0.8318738223;0.0393047506;0.0786095013;0.0000047464;NONE
ValvesLocationProblem;0064-ValvesLocationProblem-210-0.asp;4.3650067919;1.8055527946;2.5594539973;0.4136426083;0.5863573917;0.0591920703;0.0000311701;0.0080418927;0.8181846518;0.0381834050;0.0763668100;0.0000311701;idlv+clasp-tweety
ValvesLocationProblem;0140-ValvesLocationProblem-710-0.asp;10.9549853128;4.9604803400;5.9945049727;0.4528057499;0.5471942501;0.0463956480;0.0000031228;0.0022546717;0.8317209204;0.0398752124;0.0797504247;0.0000031228;NONE
ValvesLocationProblem;0094-ValvesLocationProblem-2053-0.asp;13.9312257135;6.5839720896;7.3472536239;0.4726053705;0.5273946295;0.0445123558;0.0000017563;0.0016720235;0.8352617806;0.0395173613;0.0790347226;0.0000017563;NONE
ValvesLocationProblem;0168-ValvesLocationProblem-210-0.asp;4.3678187608;1.8076489319;2.5601698288;0.4138562131;0.5861437869;0.0592567167;0.0000312042;0.0069585297;0.8190782289;0.0382251069;0.0764502137;0.0000312042;NONE
ValvesLocationProblem;0238-ValvesLocationProblem-2053-0.asp;13.9312257135;6.5839720896;7.3472536239;0.4726053705;0.5273946295;0.0445123558;0.0000017563;0.0016720235;0.8352617806;0.0395173613;0.0790347226;0.0000017563;NONE
ValvesLocationProblem;0257-ValvesLocationProblem-466-0.asp;4.4267870916;1.9392401284;2.4875469633;0.4380694369;0.5619305631;0.0566600164;0.0000234714;0.0064076986;0.8352306067;0.0338927356;0.0677854712;0.0000234714;NONE
ValvesLocationProblem;0088-ValvesLocationProblem-210-0.asp;4.3678187608;1.8076489319;2.5601698288;0.4138562131;0.5861437869;0.0592567167;0.0000312042;0.0069585297;0.8190782289;0.0382251069;0.0764502137;0.0000312042;idlv+clasp-tweety
ValvesLocationProblem;0269-ValvesLocationProblem-450-0.asp;13.6040608841;6.3369629354;7.2670979488;0.4658140675;0.5341859325;0.0446514664;0.0000018543;0.0017115159;0.8350565931;0.0395261901;0.0790523802;0.0000018543;NONE
ValvesLocationProblem;0292-ValvesLocationProblem-710-0.asp;10.9516564096;4.9586454105;5.9930109991;0.4527758382;0.5472241618;0.0463792818;0.0000031217;0.0026066299;0.8314275279;0.0398611462;0.0797222925;0.0000031217;NONE
ValvesLocationProblem;0190-ValvesLocationProblem-2053-0.asp;13.9312257135;6.5839720896;7.3472536239;0.4726053705;0.5273946295;0.0445123558;0.0000017563;0.0016720235;0.8352617806;0.0395173613;0.0790347226;0.0000017563;NONE
ValvesLocationProblem;0025-ValvesLocationProblem-466-0.asp;4.4291584689;1.9410753866;2.4880830822;0.4382492522;0.5617507478;0.0567105974;0.0000234924;0.0055207085;0.8359762257;0.0339229920;0.0678459840;0.0000234924;idlv+clasp-frumpy
ValvesLocationProblem;0246-ValvesLocationProblem-2053-0.asp;13.9279314045;6.5821572432;7.3457741613;0.4725868510;0.5274131490;0.0445006321;0.0000017559;0.0019349628;0.8350417896;0.0395069532;0.0790139064;0.0000017559;NONE
ValvesLocationProblem;0194-ValvesLocationProblem-73-0.asp;7.4659158700;3.3836192472;4.0822966229;0.4532088636;0.5467911364;0.0485044406;0.0000069223;0.0036272766;0.8341420868;0.0379064246;0.0758128491;0.0000069223;NONE
ValvesLocationProblem;0318-ValvesLocationProblem-2053-0.asp;13.9312257135;6.5839720896;7.3472536239;0.4726053705;0.5273946295;0.0445123558;0.0000017563;0.0016720235;0.8352617806;0.0395173613;0.0790347226;0.0000017563;NONE
ValvesLocationProblem;0010-ValvesLocationProblem-466-0.asp;4.4291584689;1.9410753866;2.4880830822;0.4382492522;0.5617507478;0.0567105974;0.0000234924;0.0055207085;0.8359762257;0.0339229920;0.0678459840;0.0000234924;idlv+clasp-handy
ValvesLocationProblem;0180-ValvesLocationProblem-710-0.asp;10.9516564096;4.9586454105;5.9930109991;0.4527758382;0.5472241618;0.0463792818;0.0000031217;0.0026066299;0.8314275279;0.0398611462;0.0797222925;0.0000031217;NONE
ValvesLocationProblem;0218-ValvesLocationProblem-73-0.asp;7.4689256078;3.3854418402;4.0834837677;0.4532702584;0.5467297416;0.0485292997;0.0000069258;0.0031166241;0.8345695942;0.0379258521;0.0758517041;0.0000069258;NONE
ValvesLocationProblem;0295-ValvesLocationProblem-166-0.asp;4.2006848295;1.7269614411;2.4737233884;0.4111142614;0.5888857386;0.0604280319;0.0000349699;0.0071688348;0.8181214156;0.0380822493;0.0761644985;0.0000349699;NONE
ValvesLocationProblem;0157-ValvesLocationProblem-450-0.asp;13.6040608841;6.3369629354;7.2670979488;0.4658140675;0.5341859325;0.0446514664;0.0000018543;0.0017115159;0.8350565931;0.0395261901;0.0790523802;0.0000018543;NONE
ValvesLocationProblem;0030-ValvesLocationProblem-2053-0.asp;13.9312257135;6.5839720896;7.3472536239;0.4726053705;0.5273946295;0.0445123558;0.0000017563;0.0016720235;0.8352617806;0.0395173613;0.0790347226;0.0000017563;idlv+clasp-frumpy
ValvesLocationProblem;0275-ValvesLocationProblem-711-0.asp;9.0288186160;4.1322737619;4.8965448541;0.4576760192;0.5423239808;0.0474670032;0.0000047443;0.0031502339;0.8315146742;0.0392877815;0.0785755629;0.0000047443;NONE
ValvesLocationProblem;0003-ValvesLocationProblem-466-0.asp;4.4267870916;1.9392401284;2.4875469633;0.4380694369;0.5619305631;0.0566600164;0.0000234714;0.0064076986;0.8352306067;0.0338927356;0.0677854712;0.0000234714;idlv+clasp-crafty
ValvesLocationProblem;0138-ValvesLocationProblem-73-0.asp;7.4689256078;3.3854418402;4.0834837677;0.4532702584;0.5467297416;0.0485292997;0.0000069258;0.0031166241;0.8345695942;0.0379258521;0.0758517041;0.0000069258;NONE
ValvesLocationProblem;0090-ValvesLocationProblem-73-0.asp;7.4689256078;3.3854418402;4.0834837677;0.4532702584;0.5467297416;0.0485292997;0.0000069258;0.0031166241;0.8345695942;0.0379258521;0.0758517041;0.0000069258;NONE
ValvesLocationProblem;0195-ValvesLocationProblem-711-0.asp;9.0288186160;4.1322737619;4.8965448541;0.4576760192;0.5423239808;0.0474670032;0.0000047443;0.0031502339;0.8315146742;0.0392877815;0.0785755629;0.0000047443;NONE
ValvesLocationProblem;0107-ValvesLocationProblem-711-0.asp;9.0320158260;4.1341475568;4.8978682692;0.4577214695;0.5422785305;0.0474875052;0.0000047464;0.0027196742;0.8318738223;0.0393047506;0.0786095013;0.0000047464;NONE
ValvesLocationProblem;0156-ValvesLocationProblem-710-0.asp;10.9549853128;4.9604803400;5.9945049727;0.4528057499;0.5471942501;0.0463956480;0.0000031228;0.0022546717;0.8317209204;0.0398752124;0.0797504247;0.0000031228;NONE
ValvesLocationProblem;0052-ValvesLocationProblem-710-0.asp;10.9516564096;4.9586454105;5.9930109991;0.4527758382;0.5472241618;0.0463792818;0.0000031217;0.0026066299;0.8314275279;0.0398611462;0.0797222925;0.0000031217;NONE
ValvesLocationProblem;0281-ValvesLocationProblem-466-0.asp;4.4291584689;1.9410753866;2.4880830822;0.4382492522;0.5617507478;0.0567105974;0.0000234924;0.0055207085;0.8359762257;0.0339229920;0.0678459840;0.0000234924;NONE
ValvesLocationProblem;0260-ValvesLocationProblem-710-0.asp;10.9516564096;4.9586454105;5.9930109991;0.4527758382;0.5472241618;0.0463792818;0.0000031217;0.0026066299;0.8314275279;0.0398611462;0.0797222925;0.0000031217;NONE
ValvesLocationProblem;0053-ValvesLocationProblem-450-0.asp;13.6007695681;6.3351676712;7.2656018969;0.4657947949;0.5342052051;0.0446393813;0.0000018538;0.0019817068;0.8348305817;0.0395154922;0.0790309843;0.0000018538;NONE
ValvesLocationProblem;0189-ValvesLocationProblem-450-0.asp;13.6040608841;6.3369629354;7.2670979488;0.4658140675;0.5341859325;0.0446514664;0.0000018543;0.0017115159;0.8350565931;0.0395261901;0.0790523802;0.0000018543;NONE
ValvesLocationProblem;0104-ValvesLocationProblem-210-0.asp;4.3678187608;1.8076489319;2.5601698288;0.4138562131;0.5861437869;0.0592567167;0.0000312042;0.0069585297;0.8190782289;0.0382251069;0.0764502137;0.0000312042;NONE
ValvesLocationProblem;0051-ValvesLocationProblem-711-0.asp;9.0288186160;4.1322737619;4.8965448541;0.4576760192;0.5423239808;0.0474670032;0.0000047443;0.0031502339;0.8315146742;0.0392877815;0.0785755629;0.0000047443;NONE
ValvesLocationProblem;0096-ValvesLocationProblem-210-0.asp;4.3650067919;1.8055527946;2.5594539973;0.4136426083;0.5863573917;0.0591920703;0.0000311701;0.0080418927;0.8181846518;0.0381834050;0.0763668100;0.0000311701;NONE
ValvesLocationProblem;0065-ValvesLocationProblem-466-0.asp;4.4267870916;1.9392401284;2.4875469633;0.4380694369;0.5619305631;0.0566600164;0.0000234714;0.0064076986;0.8352306067;0.0338927356;0.0677854712;0.0000234714;idlv+clasp-crafty
ValvesLocationProblem;0261-ValvesLocationProblem-450-0.asp;13.6007695681;6.3351676712;7.2656018969;0.4657947949;0.5342052051;0.0446393813;0.0000018538;0.0019817068;0.8348305817;0.0395154922;0.0790309843;0.0000018538;NONE
ValvesLocationProblem;0112-ValvesLocationProblem-210-0.asp;4.3650067919;1.8055527946;2.5594539973;0.4136426083;0.5863573917;0.0591920703;0.0000311701;0.0080418927;0.8181846518;0.0381834050;0.0763668100;0.0000311701;NONE
ValvesLocationProblem;0092-ValvesLocationProblem-710-0.asp;10.9549853128;4.9604803400;5.9945049727;0.4528057499;0.5471942501;0.0463956480;0.0000031228;0.0022546717;0.8317209204;0.0398752124;0.0797504247;0.0000031228;NONE
ValvesLocationProblem;0013-ValvesLocationProblem-450-0.asp;13.6040608841;6.3369629354;7.2670979488;0.4658140675;0.5341859325;0.0446514664;0.0000018543;0.0017115159;0.8350565931;0.0395261901;0.0790523802;0.0000018543;idlv+clasp-handy
ValvesLocationProblem;0160-ValvesLocationProblem-210-0.asp;4.3650067919;1.8055527946;2.5594539973;0.4136426083;0.5863573917;0.0591920703;0.0000311701;0.0080418927;0.8181846518;0.0381834050;0.0763668100;0.0000311701;NONE
ValvesLocationProblem;0229-ValvesLocationProblem-450-0.asp;13.6007695681;6.3351676712;7.2656018969;0.4657947949;0.5342052051;0.0446393813;0.0000018538;0.0019817068;0.8348305817;0.0395154922;0.0790309843;0.0000018538;NONE
ValvesLocationProblem;0211-ValvesLocationProblem-711-0.asp;9.0288186160;4.1322737619;4.8965448541;0.4576760192;0.5423239808;0.0474670032;0.0000047443;0.0031502339;0.8315146742;0.0392877815;0.0785755629;0.0000047443;NONE
ValvesLocationProblem;0015-ValvesLocationProblem-166-0.asp;4.1978736850;1.7248429426;2.4730307424;0.4108849079;0.5891150921;0.0603583779;0.0000349296;0.0083132488;0.8171783856;0.0380383527;0.0760767054;0.0000349296;idlv+clasp-frumpy
ValvesLocationProblem;0129-ValvesLocationProblem-466-0.asp;4.4267870916;1.9392401284;2.4875469633;0.4380694369;0.5619305631;0.0566600164;0.0000234714;0.0064076986;0.8352306067;0.0338927356;0.0677854712;0.0000234714;NONE
ValvesLocationProblem;0111-ValvesLocationProblem-166-0.asp;4.1978736850;1.7248429426;2.4730307424;0.4108849079;0.5891150921;0.0603583779;0.0000349296;0.0083132488;0.8171783856;0.0380383527;0.0760767054;0.0000349296;NONE
ValvesLocationProblem;0296-ValvesLocationProblem-210-0.asp;4.3678187608;1.8076489319;2.5601698288;0.4138562131;0.5861437869;0.0592567167;0.0000312042;0.0069585297;0.8190782289;0.0382251069;0.0764502137;0.0000312042;NONE
ValvesLocationProblem;0290-ValvesLocationProblem-73-0.asp;7.4659158700;3.3836192472;4.0822966229;0.4532088636;0.5467911364;0.0485044406;0.0000069223;0.0036272766;0.8341420868;0.0379064246;0.0758128491;0.0000069223;NONE
ValvesLocationProblem;0079-ValvesLocationProblem-166-0.asp;4.1978736850;1.7248429426;2.4730307424;0.4108849079;0.5891150921;0.0603583779;0.0000349296;0.0083132488;0.8171783856;0.0380383527;0.0760767054;0.0000349296;idlv+clasp-trendy
ValvesLocationProblem;0311-ValvesLocationProblem-166-0.asp;4.2006848295;1.7269614411;2.4737233884;0.4111142614;0.5888857386;0.0604280319;0.0000349699;0.0071688348;0.8181214156;0.0380822493;0.0761644985;0.0000349699;NONE
ValvesLocationProblem;0141-ValvesLocationProblem-450-0.asp;13.6040608841;6.3369629354;7.2670979488;0.4658140675;0.5341859325;0.0446514664;0.0000018543;0.0017115159;0.8350565931;0.0395261901;0.0790523802;0.0000018543;NONE
ValvesLocationProblem;0100-ValvesLocationProblem-710-0.asp;10.9516564096;4.9586454105;5.9930109991;0.4527758382;0.5472241618;0.0463792818;0.0000031217;0.0026066299;0.8314275279;0.0398611462;0.0797222925;0.0000031217;NONE
ValvesLocationProblem;0294-ValvesLocationProblem-2053-0.asp;13.9279314045;6.5821572432;7.3457741613;0.4725868510;0.5274131490;0.0445006321;0.0000017559;0.0019349628;0.8350417896;0.0395069532;0.0790139064;0.0000017559;NONE
ValvesLocationProblem;0039-ValvesLocationProblem-166-0.asp;4.2006848295;1.7269614411;2.4737233884;0.4111142614;0.5888857386;0.0604280319;0.0000349699;0.0071688348;0.8181214156;0.0380822493;0.0761644985;0.0000349699;idlv+clasp-crafty
ValvesLocationProblem;0142-ValvesLocationProblem-2053-0.asp;13.9312257135;6.5839720896;7.3472536239;0.4726053705;0.5273946295;0.0445123558;0.0000017563;0.0016720235;0.8352617806;0.0395173613;0.0790347226;0.0000017563;NONE
ValvesLocationProblem;0012-ValvesLocationProblem-710-0.asp;10.9549853128;4.9604803400;5.9945049727;0.4528057499;0.5471942501;0.0463956480;0.0000031228;0.0022546717;0.8317209204;0.0398752124;0.0797504247;0.0000031228;idlv+clasp-crafty
ValvesLocationProblem;0095-ValvesLocationProblem-166-0.asp;4.1978736850;1.7248429426;2.4730307424;0.4108849079;0.5891150921;0.0603583779;0.0000349296;0.0083132488;0.8171783856;0.0380383527;0.0760767054;0.0000349296;NONE
ValvesLocationProblem;0059-ValvesLocationProblem-711-0.asp;9.0320158260;4.1341475568;4.8978682692;0.4577214695;0.5422785305;0.0474875052;0.0000047464;0.0027196742;0.8318738223;0.0393047506;0.0786095013;0.0000047464;NONE
ValvesLocationProblem;0287-ValvesLocationProblem-166-0.asp;4.1978736850;1.7248429426;2.4730307424;0.4108849079;0.5891150921;0.0603583779;0.0000349296;0.0083132488;0.8171783856;0.0380383527;0.0760767054;0.0000349296;NONE
ValvesLocationProblem;0042-ValvesLocationProblem-73-0.asp;7.4689256078;3.3854418402;4.0834837677;0.4532702584;0.5467297416;0.0485292997;0.0000069258;0.0031166241;0.8345695942;0.0379258521;0.0758517041;0.0000069258;idlv+clasp-jumpy
ValvesLocationProblem;0031-ValvesLocationProblem-166-0.asp;4.1978736850;1.7248429426;2.4730307424;0.4108849079;0.5891150921;0.0603583779;0.0000349296;0.0083132488;0.8171783856;0.0380383527;0.0760767054;0.0000349296;idlv+clasp-jumpy
ValvesLocationProblem;0137-ValvesLocationProblem-466-0.asp;4.4291584689;1.9410753866;2.4880830822;0.4382492522;0.5617507478;0.0567105974;0.0000234924;0.0055207085;0.8359762257;0.0339229920;0.0678459840;0.0000234924;NONE
ValvesLocationProblem;0020-ValvesLocationProblem-710-0.asp;10.9516564096;4.9586454105;5.9930109991;0.4527758382;0.5472241618;0.0463792818;0.0000031217;0.0026066299;0.8314275279;0.0398611462;0.0797222925;0.0000031217;idlv+clasp-handy
ValvesLocationProblem;0258-ValvesLocationProblem-73-0.asp;7.4659158700;3.3836192472;4.0822966229;0.4532088636;0.5467911364;0.0485044406;0.0000069223;0.0036272766;0.8341420868;0.0379064246;0.0758128491;0.0000069223;NONE
ValvesLocationProblem;0153-ValvesLocationProblem-466-0.asp;4.4291584689;1.9410753866;2.4880830822;0.4382492522;0.5617507478;0.0567105974;0.0000234924;0.0055207085;0.8359762257;0.0339229920;0.0678459840;0.0000234924;NONE
ValvesLocationProblem;0024-ValvesLocationProblem-210-0.asp;4.3678187608;1.8076489319;2.5601698288;0.4138562131;0.5861437869;0.0592567167;0.0000312042;0.0069585297;0.8190782289;0.0382251069;0.0764502137;0.0000312042;idlv+clasp-frumpy
ValvesLocationProblem;0087-ValvesLocationProblem-166-0.asp;4.2006848295;1.7269614411;2.4737233884;0.4111142614;0.5888857386;0.0604280319;0.0000349699;0.0071688348;0.8181214156;0.0380822493;0.0761644985;0.0000349699;NONE
ValvesLocationProblem;0307-ValvesLocationProblem-711-0.asp;9.0288186160;4.1322737619;4.8965448541;0.4576760192;0.5423239808;0.0474670032;0.0000047443;0.0031502339;0.8315146742;0.0392877815;0.0785755629;0.0000047443;NONE
ValvesLocationProblem;0134-ValvesLocationProblem-2053-0.asp;13.9279314045;6.5821572432;7.3457741613;0.4725868510;0.5274131490;0.0445006321;0.0000017559;0.0019349628;0.8350417896;0.0395069532;0.0790139064;0.0000017559;NONE
ValvesLocationProblem;0027-ValvesLocationProblem-711-0.asp;9.0320158260;4.1341475568;4.8978682692;0.4577214695;0.5422785305;0.0474875052;0.0000047464;0.0027196742;0.8318738223;0.0393047506;0.0786095013;0.0000047464;idlv+clasp-frumpy
ValvesLocationProblem;0071-ValvesLocationProblem-166-0.asp;4.2006848295;1.7269614411;2.4737233884;0.4111142614;0.5888857386;0.0604280319;0.0000349699;0.0071688348;0.8181214156;0.0380822493;0.0761644985;0.0000349699;idlv+clasp-trendy
ValvesLocationProblem;0181-ValvesLocationProblem-450-0.asp;13.6007695681;6.3351676712;7.2656018969;0.4657947949;0.5342052051;0.0446393813;0.0000018538;0.0019817068;0.8348305817;0.0395154922;0.0790309843;0.0000018538;NONE
ValvesLocationProblem;0172-ValvesLocationProblem-710-0.asp;10.9549853128;4.9604803400;5.9945049727;0.4528057499;0.5471942501;0.0463956480;0.0000031228;0.0022546717;0.8317209204;0.0398752124;0.0797504247;0.0000031228;NONE
ValvesLocationProblem;0135-ValvesLocationProblem-166-0.asp;4.2006848295;1.7269614411;2.4737233884;0.4111142614;0.5888857386;0.0604280319;0.0000349699;0.0071688348;0.8181214156;0.0380822493;0.0761644985;0.0000349699;NONE
ValvesLocationProblem;0222-ValvesLocationProblem-2053-0.asp;13.9312257135;6.5839720896;7.3472536239;0.4726053705;0.5273946295;0.0445123558;0.0000017563;0.0016720235;0.8352617806;0.0395173613;0.0790347226;0.0000017563;NONE
ValvesLocationProblem;0063-ValvesLocationProblem-166-0.asp;4.1978736850;1.7248429426;2.4730307424;0.4108849079;0.5891150921;0.0603583779;0.0000349296;0.0083132488;0.8171783856;0.0380383527;0.0760767054;0.0000349296;idlv+clasp-tweety
ValvesLocationProblem;0251-ValvesLocationProblem-711-0.asp;9.0320158260;4.1341475568;4.8978682692;0.4577214695;0.5422785305;0.0474875052;0.0000047464;0.0027196742;0.8318738223;0.0393047506;0.0786095013;0.0000047464;NONE
ValvesLocationProblem;0130-ValvesLocationProblem-73-0.asp;7.4659158700;3.3836192472;4.0822966229;0.4532088636;0.5467911364;0.0485044406;0.0000069223;0.0036272766;0.8341420868;0.0379064246;0.0758128491;0.0000069223;NONE
ValvesLocationProblem;0070-ValvesLocationProblem-2053-0.asp;13.9279314045;6.5821572432;7.3457741613;0.4725868510;0.5274131490;0.0445006321;0.0000017559;0.0019349628;0.8350417896;0.0395069532;0.0790139064;0.0000017559;NONE
ValvesLocationProblem;0066-ValvesLocationProblem-73-0.asp;7.4659158700;3.3836192472;4.0822966229;0.4532088636;0.5467911364;0.0485044406;0.0000069223;0.0036272766;0.8341420868;0.0379064246;0.0758128491;0.0000069223;NONE
ValvesLocationProblem;0185-ValvesLocationProblem-466-0.asp;4.4291584689;1.9410753866;2.4880830822;0.4382492522;0.5617507478;0.0567105974;0.0000234924;0.0055207085;0.8359762257;0.0339229920;0.0678459840;0.0000234924;NONE
ValvesLocationProblem;0310-ValvesLocationProblem-2053-0.asp;13.9279314045;6.5821572432;7.3457741613;0.4725868510;0.5274131490;0.0445006321;0.0000017559;0.0019349628;0.8350417896;0.0395069532;0.0790139064;0.0000017559;NONE
ValvesLocationProblem;0049-ValvesLocationProblem-466-0.asp;4.4267870916;1.9392401284;2.4875469633;0.4380694369;0.5619305631;0.0566600164;0.0000234714;0.0064076986;0.8352306067;0.0338927356;0.0677854712;0.0000234714;idlv+clasp-crafty
ValvesLocationProblem;0002-ValvesLocationProblem-210-0.asp;4.3650067919;1.8055527946;2.5594539973;0.4136426083;0.5863573917;0.0591920703;0.0000311701;0.0080418927;0.8181846518;0.0381834050;0.0763668100;0.0000311701;idlv+clasp-frumpy
ValvesLocationProblem;0046-ValvesLocationProblem-2053-0.asp;13.9312257135;6.5839720896;7.3472536239;0.4726053705;0.5273946295;0.0445123558;0.0000017563;0.0016720235;0.8352617806;0.0395173613;0.0790347226;0.0000017563;NONE
ValvesLocationProblem;0199-ValvesLocationProblem-166-0.asp;4.2006848295;1.7269614411;2.4737233884;0.4111142614;0.5888857386;0.0604280319;0.0000349699;0.0071688348;0.8181214156;0.0380822493;0.0761644985;0.0000349699;NONE
ValvesLocationProblem;0182-ValvesLocationProblem-2053-0.asp;13.9279314045;6.5821572432;7.3457741613;0.4725868510;0.5274131490;0.0445006321;0.0000017559;0.0019349628;0.8350417896;0.0395069532;0.0790139064;0.0000017559;NONE
ValvesLocationProblem;0005-ValvesLocationProblem-710-0.asp;10.9516564096;4.9586454105;5.9930109991;0.4527758382;0.5472241618;0.0463792818;0.0000031217;0.0026066299;0.8314275279;0.0398611462;0.0797222925;0.0000031217;idlv+clasp-crafty
ValvesLocationProblem;0208-ValvesLocationProblem-210-0.asp;4.3650067919;1.8055527946;2.5594539973;0.4136426083;0.5863573917;0.0591920703;0.0000311701;0.0080418927;0.8181846518;0.0381834050;0.0763668100;0.0000311701;NONE
ValvesLocationProblem;0213-ValvesLocationProblem-450-0.asp;13.6007695681;6.3351676712;7.2656018969;0.4657947949;0.5342052051;0.0446393813;0.0000018538;0.0019817068;0.8348305817;0.0395154922;0.0790309843;0.0000018538;NONE
ValvesLocationProblem;0081-ValvesLocationProblem-466-0.asp;4.4267870916;1.9392401284;2.4875469633;0.4380694369;0.5619305631;0.0566600164;0.0000234714;0.0064076986;0.8352306067;0.0338927356;0.0677854712;0.0000234714;idlv+clasp-jumpy
ValvesLocationProblem;0216-ValvesLocationProblem-210-0.asp;4.3678187608;1.8076489319;2.5601698288;0.4138562131;0.5861437869;0.0592567167;0.0000312042;0.0069585297;0.8190782289;0.0382251069;0.0764502137;0.0000312042;NONE
ValvesLocationProblem;0028-ValvesLocationProblem-710-0.asp;10.9549853128;4.9604803400;5.9945049727;0.4528057499;0.5471942501;0.0463956480;0.0000031228;0.0022546717;0.8317209204;0.0398752124;0.0797504247;0.0000031228;idlv+clasp-handy
ValvesLocationProblem;0302-ValvesLocationProblem-2053-0.asp;13.9312257135;6.5839720896;7.3472536239;0.4726053705;0.5273946295;0.0445123558;0.0000017563;0.0016720235;0.8352617806;0.0395173613;0.0790347226;0.0000017563;NONE
ValvesLocationProblem;0101-ValvesLocationProblem-450-0.asp;13.6007695681;6.3351676712;7.2656018969;0.4657947949;0.5342052051;0.0446393813;0.0000018538;0.0019817068;0.8348305817;0.0395154922;0.0790309843;0.0000018538;NONE
ValvesLocationProblem;0023-ValvesLocationProblem-166-0.asp;4.2006848295;1.7269614411;2.4737233884;0.4111142614;0.5888857386;0.0604280319;0.0000349699;0.0071688348;0.8181214156;0.0380822493;0.0761644985;0.0000349699;idlv+clasp
ValvesLocationProblem;0219-ValvesLocationProblem-711-0.asp;9.0320158260;4.1341475568;4.8978682692;0.4577214695;0.5422785305;0.0474875052;0.0000047464;0.0027196742;0.8318738223;0.0393047506;0.0786095013;0.0000047464;NONE
ValvesLocationProblem;0093-ValvesLocationProblem-450-0.asp;13.6040608841;6.3369629354;7.2670979488;0.4658140675;0.5341859325;0.0446514664;0.0000018543;0.0017115159;0.8350565931;0.0395261901;0.0790523802;0.0000018543;NONE
ValvesLocationProblem;0082-ValvesLocationProblem-73-0.asp;7.4659158700;3.3836192472;4.0822966229;0.4532088636;0.5467911364;0.0485044406;0.0000069223;0.0036272766;0.8341420868;0.0379064246;0.0758128491;0.0000069223;NONE
ValvesLocationProblem;0105-ValvesLocationProblem-466-0.asp;4.4291584689;1.9410753866;2.4880830822;0.4382492522;0.5617507478;0.0567105974;0.0000234924;0.0055207085;0.8359762257;0.0339229920;0.0678459840;0.0000234924;NONE
ValvesLocationProblem;0242-ValvesLocationProblem-73-0.asp;7.4659158700;3.3836192472;4.0822966229;0.4532088636;0.5467911364;0.0485044406;0.0000069223;0.0036272766;0.8341420868;0.0379064246;0.0758128491;0.0000069223;NONE
ValvesLocationProblem;0170-ValvesLocationProblem-73-0.asp;7.4689256078;3.3854418402;4.0834837677;0.4532702584;0.5467297416;0.0485292997;0.0000069258;0.0031166241;0.8345695942;0.0379258521;0.0758517041;0.0000069258;NONE
ValvesLocationProblem;0249-ValvesLocationProblem-466-0.asp;4.4291584689;1.9410753866;2.4880830822;0.4382492522;0.5617507478;0.0567105974;0.0000234924;0.0055207085;0.8359762257;0.0339229920;0.0678459840;0.0000234924;NONE
ValvesLocationProblem;0050-ValvesLocationProblem-73-0.asp;7.4659158700;3.3836192472;4.0822966229;0.4532088636;0.5467911364;0.0485044406;0.0000069223;0.0036272766;0.8341420868;0.0379064246;0.0758128491;0.0000069223;NONE
ValvesLocationProblem;0136-ValvesLocationProblem-210-0.asp;4.3678187608;1.8076489319;2.5601698288;0.4138562131;0.5861437869;0.0592567167;0.0000312042;0.0069585297;0.8190782289;0.0382251069;0.0764502137;0.0000312042;NONE
ValvesLocationProblem;0308-ValvesLocationProblem-710-0.asp;10.9516564096;4.9586454105;5.9930109991;0.4527758382;0.5472241618;0.0463792818;0.0000031217;0.0026066299;0.8314275279;0.0398611462;0.0797222925;0.0000031217;NONE
ValvesLocationProblem;0204-ValvesLocationProblem-710-0.asp;10.9549853128;4.9604803400;5.9945049727;0.4528057499;0.5471942501;0.0463956480;0.0000031228;0.0022546717;0.8317209204;0.0398752124;0.0797504247;0.0000031228;NONE
ValvesLocationProblem;0103-ValvesLocationProblem-166-0.asp;4.2006848295;1.7269614411;2.4737233884;0.4111142614;0.5888857386;0.0604280319;0.0000349699;0.0071688348;0.8181214156;0.0380822493;0.0761644985;0.0000349699;NONE
ValvesLocationProblem;0133-ValvesLocationProblem-450-0.asp;13.6007695681;6.3351676712;7.2656018969;0.4657947949;0.5342052051;0.0446393813;0.0000018538;0.0019817068;0.8348305817;0.0395154922;0.0790309843;0.0000018538;NONE
ValvesLocationProblem;0179-ValvesLocationProblem-711-0.asp;9.0288186160;4.1322737619;4.8965448541;0.4576760192;0.5423239808;0.0474670032;0.0000047443;0.0031502339;0.8315146742;0.0392877815;0.0785755629;0.0000047443;NONE
ValvesLocationProblem;0108-ValvesLocationProblem-710-0.asp;10.9549853128;4.9604803400;5.9945049727;0.4528057499;0.5471942501;0.0463956480;0.0000031228;0.0022546717;0.8317209204;0.0398752124;0.0797504247;0.0000031228;NONE
ValvesLocationProblem;0067-ValvesLocationProblem-711-0.asp;9.0288186160;4.1322737619;4.8965448541;0.4576760192;0.5423239808;0.0474670032;0.0000047443;0.0031502339;0.8315146742;0.0392877815;0.0785755629;0.0000047443;NONE
ValvesLocationProblem;0068-ValvesLocationProblem-710-0.asp;10.9516564096;4.9586454105;5.9930109991;0.4527758382;0.5472241618;0.0463792818;0.0000031217;0.0026066299;0.8314275279;0.0398611462;0.0797222925;0.0000031217;NONE
ValvesLocationProblem;0252-ValvesLocationProblem-710-0.asp;10.9549853128;4.9604803400;5.9945049727;0.4528057499;0.5471942501;0.0463956480;0.0000031228;0.0022546717;0.8317209204;0.0398752124;0.0797504247;0.0000031228;NONE
ValvesLocationProblem;0239-ValvesLocationProblem-166-0.asp;4.1978736850;1.7248429426;2.4730307424;0.4108849079;0.5891150921;0.0603583779;0.0000349296;0.0083132488;0.8171783856;0.0380383527;0.0760767054;0.0000349296;NONE
ValvesLocationProblem;0026-ValvesLocationProblem-73-0.asp;7.4689256078;3.3854418402;4.0834837677;0.4532702584;0.5467297416;0.0485292997;0.0000069258;0.0031166241;0.8345695942;0.0379258521;0.0758517041;0.0000069258;idlv+clasp-handy
ValvesLocationProblem;0227-ValvesLocationProblem-711-0.asp;9.0288186160;4.1322737619;4.8965448541;0.4576760192;0.5423239808;0.0474670032;0.0000047443;0.0031502339;0.8315146742;0.0392877815;0.0785755629;0.0000047443;NONE
ValvesLocationProblem;0197-ValvesLocationProblem-450-0.asp;13.6007695681;6.3351676712;7.2656018969;0.4657947949;0.5342052051;0.0446393813;0.0000018538;0.0019817068;0.8348305817;0.0395154922;0.0790309843;0.0000018538;NONE
ValvesLocationProblem;0274-ValvesLocationProblem-73-0.asp;7.4659158700;3.3836192472;4.0822966229;0.4532088636;0.5467911364;0.0485044406;0.0000069223;0.0036272766;0.8341420868;0.0379064246;0.0758128491;0.0000069223;NONE
ValvesLocationProblem;0183-ValvesLocationProblem-166-0.asp;4.2006848295;1.7269614411;2.4737233884;0.4111142614;0.5888857386;0.0604280319;0.0000349699;0.0071688348;0.8181214156;0.0380822493;0.0761644985;0.0000349699;NONE
ValvesLocationProblem;0171-ValvesLocationProblem-711-0.asp;9.0320158260;4.1341475568;4.8978682692;0.4577214695;0.5422785305;0.0474875052;0.0000047464;0.0027196742;0.8318738223;0.0393047506;0.0786095013;0.0000047464;NONE
ValvesLocationProblem;0106-ValvesLocationProblem-73-0.asp;7.4689256078;3.3854418402;4.0834837677;0.4532702584;0.5467297416;0.0485292997;0.0000069258;0.0031166241;0.8345695942;0.0379258521;0.0758517041;0.0000069258;NONE
ValvesLocationProblem;0268-ValvesLocationProblem-710-0.asp;10.9549853128;4.9604803400;5.9945049727;0.4528057499;0.5471942501;0.0463956480;0.0000031228;0.0022546717;0.8317209204;0.0398752124;0.0797504247;0.0000031228;NONE
ValvesLocationProblem;0147-ValvesLocationProblem-711-0.asp;9.0288186160;4.1322737619;4.8965448541;0.4576760192;0.5423239808;0.0474670032;0.0000047443;0.0031502339;0.8315146742;0.0392877815;0.0785755629;0.0000047443;NONE
ValvesLocationProblem;0123-ValvesLocationProblem-711-0.asp;9.0320158260;4.1341475568;4.8978682692;0.4577214695;0.5422785305;0.0474875052;0.0000047464;0.0027196742;0.8318738223;0.0393047506;0.0786095013;0.0000047464;NONE
ValvesLocationProblem;0297-ValvesLocationProblem-466-0.asp;4.4291584689;1.9410753866;2.4880830822;0.4382492522;0.5617507478;0.0567105974;0.0000234924;0.0055207085;0.8359762257;0.0339229920;0.0678459840;0.0000234924;NONE
ValvesLocationProblem;0243-ValvesLocationProblem-711-0.asp;9.0288186160;4.1322737619;4.8965448541;0.4576760192;0.5423239808;0.0474670032;0.0000047443;0.0031502339;0.8315146742;0.0392877815;0.0785755629;0.0000047443;NONE
ValvesLocationProblem;0119-ValvesLocationProblem-166-0.asp;4.2006848295;1.7269614411;2.4737233884;0.4111142614;0.5888857386;0.0604280319;0.0000349699;0.0071688348;0.8181214156;0.0380822493;0.0761644985;0.0000349699;NONE
ValvesLocationProblem;0279-ValvesLocationProblem-166-0.asp;4.2006848295;1.7269614411;2.4737233884;0.4111142614;0.5888857386;0.0604280319;0.0000349699;0.0071688348;0.8181214156;0.0380822493;0.0761644985;0.0000349699;NONE
ValvesLocationProblem;0288-ValvesLocationProblem-210-0.asp;4.3650067919;1.8055527946;2.5594539973;0.4136426083;0.5863573917;0.0591920703;0.0000311701;0.0080418927;0.8181846518;0.0381834050;0.0763668100;0.0000311701;NONE
ValvesLocationProblem;0004-ValvesLocationProblem-711-0.asp;9.0288186160;4.1322737619;4.8965448541;0.4576760192;0.5423239808;0.0474670032;0.0000047443;0.0031502339;0.8315146742;0.0392877815;0.0785755629;0.0000047443;idlv+clasp-handy
ValvesLocationProblem;0116-ValvesLocationProblem-710-0.asp;10.9516564096;4.9586454105;5.9930109991;0.4527758382;0.5472241618;0.0463792818;0.0000031217;0.0026066299;0.8314275279;0.0398611462;0.0797222925;0.0000031217;NONE
ValvesLocationProblem;0236-ValvesLocationProblem-710-0.asp;10.9549853128;4.9604803400;5.9945049727;0.4528057499;0.5471942501;0.0463956480;0.0000031228;0.0022546717;0.8317209204;0.0398752124;0.0797504247;0.0000031228;NONE
ValvesLocationProblem;0161-ValvesLocationProblem-466-0.asp;4.4267870916;1.9392401284;2.4875469633;0.4380694369;0.5619305631;0.0566600164;0.0000234714;0.0064076986;0.8352306067;0.0338927356;0.0677854712;0.0000234714;NONE
ValvesLocationProblem;0266-ValvesLocationProblem-73-0.asp;7.4689256078;3.3854418402;4.0834837677;0.4532702584;0.5467297416;0.0485292997;0.0000069258;0.0031166241;0.8345695942;0.0379258521;0.0758517041;0.0000069258;NONE
ValvesLocationProblem;0298-ValvesLocationProblem-73-0.asp;7.4689256078;3.3854418402;4.0834837677;0.4532702584;0.5467297416;0.0485292997;0.0000069258;0.0031166241;0.8345695942;0.0379258521;0.0758517041;0.0000069258;NONE
ValvesLocationProblem;0317-ValvesLocationProblem-450-0.asp;13.6040608841;6.3369629354;7.2670979488;0.4658140675;0.5341859325;0.0446514664;0.0000018543;0.0017115159;0.8350565931;0.0395261901;0.0790523802;0.0000018543;NONE
ValvesLocationProblem;0038-ValvesLocationProblem-2053-0.asp;13.9279314045;6.5821572432;7.3457741613;0.4725868510;0.5274131490;0.0445006321;0.0000017559;0.0019349628;0.8350417896;0.0395069532;0.0790139064;0.0000017559;NONE
ValvesLocationProblem;0036-ValvesLocationProblem-710-0.asp;10.9516564096;4.9586454105;5.9930109991;0.4527758382;0.5472241618;0.0463792818;0.0000031217;0.0026066299;0.8314275279;0.0398611462;0.0797222925;0.0000031217;NONE
ValvesLocationProblem;0248-ValvesLocationProblem-210-0.asp;4.3678187608;1.8076489319;2.5601698288;0.4138562131;0.5861437869;0.0592567167;0.0000312042;0.0069585297;0.8190782289;0.0382251069;0.0764502137;0.0000312042;NONE
ValvesLocationProblem;0149-ValvesLocationProblem-450-0.asp;13.6007695681;6.3351676712;7.2656018969;0.4657947949;0.5342052051;0.0446393813;0.0000018538;0.0019817068;0.8348305817;0.0395154922;0.0790309843;0.0000018538;NONE
ValvesLocationProblem;0034-ValvesLocationProblem-73-0.asp;7.4659158700;3.3836192472;4.0822966229;0.4532088636;0.5467911364;0.0485044406;0.0000069223;0.0036272766;0.8341420868;0.0379064246;0.0758128491;0.0000069223;idlv+clasp-jumpy
ValvesLocationProblem;0256-ValvesLocationProblem-210-0.asp;4.3650067919;1.8055527946;2.5594539973;0.4136426083;0.5863573917;0.0591920703;0.0000311701;0.0080418927;0.8181846518;0.0381834050;0.0763668100;0.0000311701;NONE
ValvesLocationProblem;0114-ValvesLocationProblem-73-0.asp;7.4659158700;3.3836192472;4.0822966229;0.4532088636;0.5467911364;0.0485044406;0.0000069223;0.0036272766;0.8341420868;0.0379064246;0.0758128491;0.0000069223;NONE
ValvesLocationProblem;0231-ValvesLocationProblem-166-0.asp;4.2006848295;1.7269614411;2.4737233884;0.4111142614;0.5888857386;0.0604280319;0.0000349699;0.0071688348;0.8181214156;0.0380822493;0.0761644985;0.0000349699;NONE
ValvesLocationProblem;0283-ValvesLocationProblem-711-0.asp;9.0320158260;4.1341475568;4.8978682692;0.4577214695;0.5422785305;0.0474875052;0.0000047464;0.0027196742;0.8318738223;0.0393047506;0.0786095013;0.0000047464;NONE
ValvesLocationProblem;0145-ValvesLocationProblem-466-0.asp;4.4267870916;1.9392401284;2.4875469633;0.4380694369;0.5619305631;0.0566600164;0.0000234714;0.0064076986;0.8352306067;0.0338927356;0.0677854712;0.0000234714;NONE
ValvesLocationProblem;0072-ValvesLocationProblem-210-0.asp;4.3678187608;1.8076489319;2.5601698288;0.4138562131;0.5861437869;0.0592567167;0.0000312042;0.0069585297;0.8190782289;0.0382251069;0.0764502137;0.0000312042;idlv+clasp-crafty
ValvesLocationProblem;0177-ValvesLocationProblem-466-0.asp;4.4267870916;1.9392401284;2.4875469633;0.4380694369;0.5619305631;0.0566600164;0.0000234714;0.0064076986;0.8352306067;0.0338927356;0.0677854712;0.0000234714;NONE
ValvesLocationProblem;0014-ValvesLocationProblem-2053-0.asp;13.9312257135;6.5839720896;7.3472536239;0.4726053705;0.5273946295;0.0445123558;0.0000017563;0.0016720235;0.8352617806;0.0395173613;0.0790347226;0.0000017563;idlv+clasp-crafty
ValvesLocationProblem;0178-ValvesLocationProblem-73-0.asp;7.4659158700;3.3836192472;4.0822966229;0.4532088636;0.5467911364;0.0485044406;0.0000069223;0.0036272766;0.8341420868;0.0379064246;0.0758128491;0.0000069223;NONE
ValvesLocationProblem;0223-ValvesLocationProblem-166-0.asp;4.1978736850;1.7248429426;2.4730307424;0.4108849079;0.5891150921;0.0603583779;0.0000349296;0.0083132488;0.8171783856;0.0380383527;0.0760767054;0.0000349296;NONE
ValvesLocationProblem;0041-ValvesLocationProblem-466-0.asp;4.4291584689;1.9410753866;2.4880830822;0.4382492522;0.5617507478;0.0567105974;0.0000234924;0.0055207085;0.8359762257;0.0339229920;0.0678459840;0.0000234924;idlv+clasp-frumpy
ValvesLocationProblem;0128-ValvesLocationProblem-210-0.asp;4.3650067919;1.8055527946;2.5594539973;0.4136426083;0.5863573917;0.0591920703;0.0000311701;0.0080418927;0.8181846518;0.0381834050;0.0763668100;0.0000311701;NONE
ValvesLocationProblem;0152-ValvesLocationProblem-210-0.asp;4.3678187608;1.8076489319;2.5601698288;0.4138562131;0.5861437869;0.0592567167;0.0000312042;0.0069585297;0.8190782289;0.0382251069;0.0764502137;0.0000312042;NONE
ValvesLocationProblem;0089-ValvesLocationProblem-466-0.asp;4.4291584689;1.9410753866;2.4880830822;0.4382492522;0.5617507478;0.0567105974;0.0000234924;0.0055207085;0.8359762257;0.0339229920;0.0678459840;0.0000234924;idlv+clasp-jumpy
ValvesLocationProblem;0060-ValvesLocationProblem-710-0.asp;10.9549853128;4.9604803400;5.9945049727;0.4528057499;0.5471942501;0.0463956480;0.0000031228;0.0022546717;0.8317209204;0.0398752124;0.0797504247;0.0000031228;NONE
ValvesLocationProblem;0187-ValvesLocationProblem-711-0.asp;9.0320158260;4.1341475568;4.8978682692;0.4577214695;0.5422785305;0.0474875052;0.0000047464;0.0027196742;0.8318738223;0.0393047506;0.0786095013;0.0000047464;NONE
ValvesLocationProblem;0247-ValvesLocationProblem-166-0.asp;4.2006848295;1.7269614411;2.4737233884;0.4111142614;0.5888857386;0.0604280319;0.0000349699;0.0071688348;0.8181214156;0.0380822493;0.0761644985;0.0000349699;NONE
ValvesLocationProblem;0262-ValvesLocationProblem-2053-0.asp;13.9279314045;6.5821572432;7.3457741613;0.4725868510;0.5274131490;0.0445006321;0.0000017559;0.0019349628;0.8350417896;0.0395069532;0.0790139064;0.0000017559;NONE
ValvesLocationProblem;0206-ValvesLocationProblem-2053-0.asp;13.9312257135;6.5839720896;7.3472536239;0.4726053705;0.5273946295;0.0445123558;0.0000017563;0.0016720235;0.8352617806;0.0395173613;0.0790347226;0.0000017563;NONE
ValvesLocationProblem;0017-ValvesLocationProblem-466-0.asp;4.4267870916;1.9392401284;2.4875469633;0.4380694369;0.5619305631;0.0566600164;0.0000234714;0.0064076986;0.8352306067;0.0338927356;0.0677854712;0.0000234714;idlv+clasp-frumpy
ValvesLocationProblem;0207-ValvesLocationProblem-166-0.asp;4.1978736850;1.7248429426;2.4730307424;0.4108849079;0.5891150921;0.0603583779;0.0000349296;0.0083132488;0.8171783856;0.0380383527;0.0760767054;0.0000349296;NONE
ValvesLocationProblem;0313-ValvesLocationProblem-466-0.asp;4.4291584689;1.9410753866;2.4880830822;0.4382492522;0.5617507478;0.0567105974;0.0000234924;0.0055207085;0.8359762257;0.0339229920;0.0678459840;0.0000234924;NONE
ValvesLocationProblem;0159-ValvesLocationProblem-166-0.asp;4.1978736850;1.7248429426;2.4730307424;0.4108849079;0.5891150921;0.0603583779;0.0000349296;0.0083132488;0.8171783856;0.0380383527;0.0760767054;0.0000349296;NONE
ValvesLocationProblem;0019-ValvesLocationProblem-711-0.asp;9.0288186160;4.1322737619;4.8965448541;0.4576760192;0.5423239808;0.0474670032;0.0000047443;0.0031502339;0.8315146742;0.0392877815;0.0785755629;0.0000047443;idlv+clasp-jumpy
ValvesLocationProblem;0086-ValvesLocationProblem-2053-0.asp;13.9279314045;6.5821572432;7.3457741613;0.4725868510;0.5274131490;0.0445006321;0.0000017559;0.0019349628;0.8350417896;0.0395069532;0.0790139064;0.0000017559;NONE
ValvesLocationProblem;0267-ValvesLocationProblem-711-0.asp;9.0320158260;4.1341475568;4.8978682692;0.4577214695;0.5422785305;0.0474875052;0.0000047464;0.0027196742;0.8318738223;0.0393047506;0.0786095013;0.0000047464;NONE
ValvesLocationProblem;0232-ValvesLocationProblem-210-0.asp;4.3678187608;1.8076489319;2.5601698288;0.4138562131;0.5861437869;0.0592567167;0.0000312042;0.0069585297;0.8190782289;0.0382251069;0.0764502137;0.0000312042;NONE
ValvesLocationProblem;0165-ValvesLocationProblem-450-0.asp;13.6007695681;6.3351676712;7.2656018969;0.4657947949;0.5342052051;0.0446393813;0.0000018538;0.0019817068;0.8348305817;0.0395154922;0.0790309843;0.0000018538;NONE
ValvesLocationProblem;0166-ValvesLocationProblem-2053-0.asp;13.9279314045;6.5821572432;7.3457741613;0.4725868510;0.5274131490;0.0445006321;0.0000017559;0.0019349628;0.8350417896;0.0395069532;0.0790139064;0.0000017559;NONE
ValvesLocationProblem;0162-ValvesLocationProblem-73-0.asp;7.4659158700;3.3836192472;4.0822966229;0.4532088636;0.5467911364;0.0485044406;0.0000069223;0.0036272766;0.8341420868;0.0379064246;0.0758128491;0.0000069223;NONE
ValvesLocationProblem;0035-ValvesLocationProblem-711-0.asp;9.0288186160;4.1322737619;4.8965448541;0.4576760192;0.5423239808;0.0474670032;0.0000047443;0.0031502339;0.8315146742;0.0392877815;0.0785755629;0.0000047443;idlv+clasp-handy
ValvesLocationProblem;0091-ValvesLocationProblem-711-0.asp;9.0320158260;4.1341475568;4.8978682692;0.4577214695;0.5422785305;0.0474875052;0.0000047464;0.0027196742;0.8318738223;0.0393047506;0.0786095013;0.0000047464;NONE
ValvesLocationProblem;0131-ValvesLocationProblem-711-0.asp;9.0288186160;4.1322737619;4.8965448541;0.4576760192;0.5423239808;0.0474670032;0.0000047443;0.0031502339;0.8315146742;0.0392877815;0.0785755629;0.0000047443;NONE
ValvesLocationProblem;0163-ValvesLocationProblem-711-0.asp;9.0288186160;4.1322737619;4.8965448541;0.4576760192;0.5423239808;0.0474670032;0.0000047443;0.0031502339;0.8315146742;0.0392877815;0.0785755629;0.0000047443;NONE
ValvesLocationProblem;0291-ValvesLocationProblem-711-0.asp;9.0288186160;4.1322737619;4.8965448541;0.4576760192;0.5423239808;0.0474670032;0.0000047443;0.0031502339;0.8315146742;0.0392877815;0.0785755629;0.0000047443;NONE
ValvesLocationProblem;0144-ValvesLocationProblem-210-0.asp;4.3650067919;1.8055527946;2.5594539973;0.4136426083;0.5863573917;0.0591920703;0.0000311701;0.0080418927;0.8181846518;0.0381834050;0.0763668100;0.0000311701;NONE
ValvesLocationProblem;0234-ValvesLocationProblem-73-0.asp;7.4689256078;3.3854418402;4.0834837677;0.4532702584;0.5467297416;0.0485292997;0.0000069258;0.0031166241;0.8345695942;0.0379258521;0.0758517041;0.0000069258;NONE
ValvesLocationProblem;0250-ValvesLocationProblem-73-0.asp;7.4689256078;3.3854418402;4.0834837677;0.4532702584;0.5467297416;0.0485292997;0.0000069258;0.0031166241;0.8345695942;0.0379258521;0.0758517041;0.0000069258;NONE
ValvesLocationProblem;0007-ValvesLocationProblem-2053-0.asp;13.9279314045;6.5821572432;7.3457741613;0.4725868510;0.5274131490;0.0445006321;0.0000017559;0.0019349628;0.8350417896;0.0395069532;0.0790139064;0.0000017559;idlv+clasp-handy
ValvesLocationProblem;0303-ValvesLocationProblem-166-0.asp;4.1978736850;1.7248429426;2.4730307424;0.4108849079;0.5891150921;0.0603583779;0.0000349296;0.0083132488;0.8171783856;0.0380383527;0.0760767054;0.0000349296;NONE
ValvesLocationProblem;0265-ValvesLocationProblem-466-0.asp;4.4291584689;1.9410753866;2.4880830822;0.4382492522;0.5617507478;0.0567105974;0.0000234924;0.0055207085;0.8359762257;0.0339229920;0.0678459840;0.0000234924;NONE
ValvesLocationProblem;0110-ValvesLocationProblem-2053-0.asp;13.9312257135;6.5839720896;7.3472536239;0.4726053705;0.5273946295;0.0445123558;0.0000017563;0.0016720235;0.8352617806;0.0395173613;0.0790347226;0.0000017563;NONE
ValvesLocationProblem;0289-ValvesLocationProblem-466-0.asp;4.4267870916;1.9392401284;2.4875469633;0.4380694369;0.5619305631;0.0566600164;0.0000234714;0.0064076986;0.8352306067;0.0338927356;0.0677854712;0.0000234714;NONE
ValvesLocationProblem;0293-ValvesLocationProblem-450-0.asp;13.6007695681;6.3351676712;7.2656018969;0.4657947949;0.5342052051;0.0446393813;0.0000018538;0.0019817068;0.8348305817;0.0395154922;0.0790309843;0.0000018538;NONE
ValvesLocationProblem;0124-ValvesLocationProblem-710-0.asp;10.9549853128;4.9604803400;5.9945049727;0.4528057499;0.5471942501;0.0463956480;0.0000031228;0.0022546717;0.8317209204;0.0398752124;0.0797504247;0.0000031228;NONE
ValvesLocationProblem;0132-ValvesLocationProblem-710-0.asp;10.9516564096;4.9586454105;5.9930109991;0.4527758382;0.5472241618;0.0463792818;0.0000031217;0.0026066299;0.8314275279;0.0398611462;0.0797222925;0.0000031217;NONE
ValvesLocationProblem;0221-ValvesLocationProblem-450-0.asp;13.6040608841;6.3369629354;7.2670979488;0.4658140675;0.5341859325;0.0446514664;0.0000018543;0.0017115159;0.8350565931;0.0395261901;0.0790523802;0.0000018543;NONE
ValvesLocationProblem;0062-ValvesLocationProblem-2053-0.asp;13.9312257135;6.5839720896;7.3472536239;0.4726053705;0.5273946295;0.0445123558;0.0000017563;0.0016720235;0.8352617806;0.0395173613;0.0790347226;0.0000017563;NONE
ValvesLocationProblem;0125-ValvesLocationProblem-450-0.asp;13.6040608841;6.3369629354;7.2670979488;0.4658140675;0.5341859325;0.0446514664;0.0000018543;0.0017115159;0.8350565931;0.0395261901;0.0790523802;0.0000018543;NONE
ValvesLocationProblem;0202-ValvesLocationProblem-73-0.asp;7.4689256078;3.3854418402;4.0834837677;0.4532702584;0.5467297416;0.0485292997;0.0000069258;0.0031166241;0.8345695942;0.0379258521;0.0758517041;0.0000069258;NONE
ValvesLocationProblem;0309-ValvesLocationProblem-450-0.asp;13.6007695681;6.3351676712;7.2656018969;0.4657947949;0.5342052051;0.0446393813;0.0000018538;0.0019817068;0.8348305817;0.0395154922;0.0790309843;0.0000018538;NONE
ValvesLocationProblem;0233-ValvesLocationProblem-466-0.asp;4.4291584689;1.9410753866;2.4880830822;0.4382492522;0.5617507478;0.0567105974;0.0000234924;0.0055207085;0.8359762257;0.0339229920;0.0678459840;0.0000234924;NONE
ValvesLocationProblem;0037-ValvesLocationProblem-450-0.asp;13.6007695681;6.3351676712;7.2656018969;0.4657947949;0.5342052051;0.0446393813;0.0000018538;0.0019817068;0.8348305817;0.0395154922;0.0790309843;0.0000018538;NONE
ValvesLocationProblem;0074-ValvesLocationProblem-73-0.asp;7.4689256078;3.3854418402;4.0834837677;0.4532702584;0.5467297416;0.0485292997;0.0000069258;0.0031166241;0.8345695942;0.0379258521;0.0758517041;0.0000069258;NONE
ValvesLocationProblem;0200-ValvesLocationProblem-210-0.asp;4.3678187608;1.8076489319;2.5601698288;0.4138562131;0.5861437869;0.0592567167;0.0000312042;0.0069585297;0.8190782289;0.0382251069;0.0764502137;0.0000312042;NONE
ValvesLocationProblem;0315-ValvesLocationProblem-711-0.asp;9.0320158260;4.1341475568;4.8978682692;0.4577214695;0.5422785305;0.0474875052;0.0000047464;0.0027196742;0.8318738223;0.0393047506;0.0786095013;0.0000047464;NONE
ValvesLocationProblem;0235-ValvesLocationProblem-711-0.asp;9.0320158260;4.1341475568;4.8978682692;0.4577214695;0.5422785305;0.0474875052;0.0000047464;0.0027196742;0.8318738223;0.0393047506;0.0786095013;0.0000047464;NONE
ValvesLocationProblem;0069-ValvesLocationProblem-450-0.asp;13.6007695681;6.3351676712;7.2656018969;0.4657947949;0.5342052051;0.0446393813;0.0000018538;0.0019817068;0.8348305817;0.0395154922;0.0790309843;0.0000018538;NONE
ValvesLocationProblem;0186-ValvesLocationProblem-73-0.asp;7.4689256078;3.3854418402;4.0834837677;0.4532702584;0.5467297416;0.0485292997;0.0000069258;0.0031166241;0.8345695942;0.0379258521;0.0758517041;0.0000069258;NONE
ValvesLocationProblem;0120-ValvesLocationProblem-210-0.asp;4.3678187608;1.8076489319;2.5601698288;0.4138562131;0.5861437869;0.0592567167;0.0000312042;0.0069585297;0.8190782289;0.0382251069;0.0764502137;0.0000312042;NONE
ValvesLocationProblem;0158-ValvesLocationProblem-2053-0.asp;13.9312257135;6.5839720896;7.3472536239;0.4726053705;0.5273946295;0.0445123558;0.0000017563;0.0016720235;0.8352617806;0.0395173613;0.0790347226;0.0000017563;NONE
ValvesLocationProblem;0210-ValvesLocationProblem-73-0.asp;7.4659158700;3.3836192472;4.0822966229;0.4532088636;0.5467911364;0.0485044406;0.0000069223;0.0036272766;0.8341420868;0.0379064246;0.0758128491;0.0000069223;NONE
ValvesLocationProblem;0169-ValvesLocationProblem-466-0.asp;4.4291584689;1.9410753866;2.4880830822;0.4382492522;0.5617507478;0.0567105974;0.0000234924;0.0055207085;0.8359762257;0.0339229920;0.0678459840;0.0000234924;NONE
ValvesLocationProblem;0001-ValvesLocationProblem-166-0.asp;4.1978736850;1.7248429426;2.4730307424;0.4108849079;0.5891150921;0.0603583779;0.0000349296;0.0083132488;0.8171783856;0.0380383527;0.0760767054;0.0000349296;idlv+clasp-crafty
ValvesLocationProblem;0226-ValvesLocationProblem-73-0.asp;7.4659158700;3.3836192472;4.0822966229;0.4532088636;0.5467911364;0.0485044406;0.0000069223;0.0036272766;0.8341420868;0.0379064246;0.0758128491;0.0000069223;NONE
ValvesLocationProblem;0006-ValvesLocationProblem-450-0.asp;13.6007695681;6.3351676712;7.2656018969;0.4657947949;0.5342052051;0.0446393813;0.0000018538;0.0019817068;0.8348305817;0.0395154922;0.0790309843;0.0000018538;idlv+clasp-handy
ValvesLocationProblem;0167-ValvesLocationProblem-166-0.asp;4.2006848295;1.7269614411;2.4737233884;0.4111142614;0.5888857386;0.0604280319;0.0000349699;0.0071688348;0.8181214156;0.0380822493;0.0761644985;0.0000349699;NONE
ValvesLocationProblem;0164-ValvesLocationProblem-710-0.asp;10.9516564096;4.9586454105;5.9930109991;0.4527758382;0.5472241618;0.0463792818;0.0000031217;0.0026066299;0.8314275279;0.0398611462;0.0797222925;0.0000031217;NONE
ValvesLocationProblem;0150-ValvesLocationProblem-2053-0.asp;13.9279314045;6.5821572432;7.3457741613;0.4725868510;0.5274131490;0.0445006321;0.0000017559;0.0019349628;0.8350417896;0.0395069532;0.0790139064;0.0000017559;NONE
ValvesLocationProblem;0043-ValvesLocationProblem-711-0.asp;9.0320158260;4.1341475568;4.8978682692;0.4577214695;0.5422785305;0.0474875052;0.0000047464;0.0027196742;0.8318738223;0.0393047506;0.0786095013;0.0000047464;idlv+clasp-jumpy
ValvesLocationProblem;0045-ValvesLocationProblem-450-0.asp;13.6040608841;6.3369629354;7.2670979488;0.4658140675;0.5341859325;0.0446514664;0.0000018543;0.0017115159;0.8350565931;0.0395261901;0.0790523802;0.0000018543;NONE
ValvesLocationProblem;0118-ValvesLocationProblem-2053-0.asp;13.9279314045;6.5821572432;7.3457741613;0.4725868510;0.5274131490;0.0445006321;0.0000017559;0.0019349628;0.8350417896;0.0395069532;0.0790139064;0.0000017559;NONE
ValvesLocationProblem;0220-ValvesLocationProblem-710-0.asp;10.9549853128;4.9604803400;5.9945049727;0.4528057499;0.5471942501;0.0463956480;0.0000031228;0.0022546717;0.8317209204;0.0398752124;0.0797504247;0.0000031228;NONE
VideoStreaming;40-multimedia-0-0.asp;1.3791097967;0.1183906055;1.2607191912;0.0858456707;0.9141543293;0.9045081899;0.0000005908;0.0230803680;0.0603421791;0.0000005908;0.0120680813;0.0000005908;NONE
VideoStreaming;12-multimedia-0-0.asp;1.3951500834;0.0801834352;1.3149666481;0.0574729817;0.9425270183;0.9067084119;0.0000064822;0.0194789621;0.0615029591;0.0000064822;0.0122967025;0.0000064822;NONE
VideoStreaming;23-multimedia-0-0.asp;1.3951500834;0.0801834352;1.3149666481;0.0574729817;0.9425270183;0.9067084119;0.0000064822;0.0194789621;0.0615029591;0.0000064822;0.0122967025;0.0000064822;idlv+clasp-handy
VideoStreaming;21-multimedia-0-0.asp;1.3951500834;0.0801834352;1.3149666481;0.0574729817;0.9425270183;0.9067084119;0.0000064822;0.0194789621;0.0615029591;0.0000064822;0.0122967025;0.0000064822;NONE
VideoStreaming;25-multimedia-0-0.asp;1.3951500834;0.0801834352;1.3149666481;0.0574729817;0.9425270183;0.9067084119;0.0000064822;0.0194789621;0.0615029591;0.0000064822;0.0122967025;0.0000064822;idlv+clasp
VideoStreaming;0-multimedia-0-0.asp;1.3951500834;0.0801834352;1.3149666481;0.0574729817;0.9425270183;0.9067084119;0.0000064822;0.0194789621;0.0615029591;0.0000064822;0.0122967025;0.0000064822;idlv+clasp-trendy
VideoStreaming;33-multimedia-0-0.asp;1.3951500834;0.0801834352;1.3149666481;0.0574729817;0.9425270183;0.9067084119;0.0000064822;0.0194789621;0.0615029591;0.0000064822;0.0122967025;0.0000064822;idlv+clasp-handy
VideoStreaming;16-multimedia-0-0.asp;1.3951500834;0.0801834352;1.3149666481;0.0574729817;0.9425270183;0.9067084119;0.0000064822;0.0194789621;0.0615029591;0.0000064822;0.0122967025;0.0000064822;NONE
VideoStreaming;29-multimedia-0-0.asp;1.3951500834;0.0801834352;1.3149666481;0.0574729817;0.9425270183;0.9067084119;0.0000064822;0.0194789621;0.0615029591;0.0000064822;0.0122967025;0.0000064822;idlv+clasp-jumpy
VideoStreaming;14-multimedia-0-0.asp;1.3951500834;0.0801834352;1.3149666481;0.0574729817;0.9425270183;0.9067084119;0.0000064822;0.0194789621;0.0615029591;0.0000064822;0.0122967025;0.0000064822;NONE
VideoStreaming;15-multimedia-0-0.asp;1.3951500834;0.0801834352;1.3149666481;0.0574729817;0.9425270183;0.9067084119;0.0000064822;0.0194789621;0.0615029591;0.0000064822;0.0122967025;0.0000064822;NONE
VideoStreaming;9-multimedia-0-0.asp;1.3951500834;0.0801834352;1.3149666481;0.0574729817;0.9425270183;0.9067084119;0.0000064822;0.0194789621;0.0615029591;0.0000064822;0.0122967025;0.0000064822;NONE
VideoStreaming;19-multimedia-0-0.asp;1.3951500834;0.0801834352;1.3149666481;0.0574729817;0.9425270183;0.9067084119;0.0000064822;0.0194789621;0.0615029591;0.0000064822;0.0122967025;0.0000064822;NONE
VideoStreaming;38-multimedia-0-0.asp;1.3951500834;0.0801834352;1.3149666481;0.0574729817;0.9425270183;0.9067084119;0.0000064822;0.0194789621;0.0615029591;0.0000064822;0.0122967025;0.0000064822;idlv+clasp
VideoStreaming;13-multimedia-0-0.asp;1.3951500834;0.0801834352;1.3149666481;0.0574729817;0.9425270183;0.9067084119;0.0000064822;0.0194789621;0.0615029591;0.0000064822;0.0122967025;0.0000064822;NONE
VideoStreaming;42-multimedia-0-0.asp;1.3787209967;0.1190158755;1.2597051212;0.0863233938;0.9136766062;0.9117277214;0.0000004945;0.0214047196;0.0557223889;0.0000004945;0.0111441811;0.0000004945;NONE
VideoStreaming;2-multimedia-0-0.asp;1.3951500834;0.0801834352;1.3149666481;0.0574729817;0.9425270183;0.9067084119;0.0000064822;0.0194789621;0.0615029591;0.0000064822;0.0122967025;0.0000064822;idlv+clasp-crafty
VideoStreaming;35-multimedia-0-0.asp;1.3951500834;0.0801834352;1.3149666481;0.0574729817;0.9425270183;0.9067084119;0.0000064822;0.0194789621;0.0615029591;0.0000064822;0.0122967025;0.0000064822;idlv+clasp-handy
VideoStreaming;24-multimedia-0-0.asp;1.3951500834;0.0801834352;1.3149666481;0.0574729817;0.9425270183;0.9067084119;0.0000064822;0.0194789621;0.0615029591;0.0000064822;0.0122967025;0.0000064822;idlv+clasp-handy
VideoStreaming;1-multimedia-0-0.asp;1.3951500834;0.0801834352;1.3149666481;0.0574729817;0.9425270183;0.9067084119;0.0000064822;0.0194789621;0.0615029591;0.0000064822;0.0122967025;0.0000064822;idlv+clasp-tweety
VideoStreaming;31-multimedia-0-0.asp;1.3951500834;0.0801834352;1.3149666481;0.0574729817;0.9425270183;0.9067084119;0.0000064822;0.0194789621;0.0615029591;0.0000064822;0.0122967025;0.0000064822;idlv+clasp-trendy
VideoStreaming;5-multimedia-0-0.asp;1.3951500834;0.0801834352;1.3149666481;0.0574729817;0.9425270183;0.9067084119;0.0000064822;0.0194789621;0.0615029591;0.0000064822;0.0122967025;0.0000064822;idlv+clasp-crafty
VideoStreaming;22-multimedia-0-0.asp;1.3951500834;0.0801834352;1.3149666481;0.0574729817;0.9425270183;0.9067084119;0.0000064822;0.0194789621;0.0615029591;0.0000064822;0.0122967025;0.0000064822;idlv+clasp-trendy
VideoStreaming;6-multimedia-0-0.asp;1.3951500834;0.0801834352;1.3149666481;0.0574729817;0.9425270183;0.9067084119;0.0000064822;0.0194789621;0.0615029591;0.0000064822;0.0122967025;0.0000064822;idlv+clasp-tweety
VideoStreaming;26-multimedia-0-0.asp;1.3951500834;0.0801834352;1.3149666481;0.0574729817;0.9425270183;0.9067084119;0.0000064822;0.0194789621;0.0615029591;0.0000064822;0.0122967025;0.0000064822;idlv+clasp
VideoStreaming;18-multimedia-0-0.asp;1.3951500834;0.0801834352;1.3149666481;0.0574729817;0.9425270183;0.9067084119;0.0000064822;0.0194789621;0.0615029591;0.0000064822;0.0122967025;0.0000064822;NONE
VideoStreaming;39-multimedia-0-0.asp;1.3790146140;0.1185436788;1.2604709352;0.0859625979;0.9140374021;0.9072438257;0.0000005606;0.0224369953;0.0585986618;0.0000005606;0.0117193960;0.0000005606;NONE
VideoStreaming;41-multimedia-0-0.asp;1.3787209967;0.1190158755;1.2597051212;0.0863233938;0.9136766062;0.9117277214;0.0000004945;0.0214047196;0.0557223889;0.0000004945;0.0111441811;0.0000004945;NONE
VideoStreaming;36-multimedia-0-0.asp;1.3951500834;0.0801834352;1.3149666481;0.0574729817;0.9425270183;0.9067084119;0.0000064822;0.0194789621;0.0615029591;0.0000064822;0.0122967025;0.0000064822;idlv+clasp-crafty
VideoStreaming;10-multimedia-0-0.asp;1.3951500834;0.0801834352;1.3149666481;0.0574729817;0.9425270183;0.9067084119;0.0000064822;0.0194789621;0.0615029591;0.0000064822;0.0122967025;0.0000064822;NONE
VideoStreaming;28-multimedia-0-0.asp;1.3951500834;0.0801834352;1.3149666481;0.0574729817;0.9425270183;0.9067084119;0.0000064822;0.0194789621;0.0615029591;0.0000064822;0.0122967025;0.0000064822;idlv+clasp
VideoStreaming;30-multimedia-0-0.asp;1.3951500834;0.0801834352;1.3149666481;0.0574729817;0.9425270183;0.9067084119;0.0000064822;0.0194789621;0.0615029591;0.0000064822;0.0122967025;0.0000064822;idlv+clasp
VideoStreaming;27-multimedia-0-0.asp;1.3951500834;0.0801834352;1.3149666481;0.0574729817;0.9425270183;0.9067084119;0.0000064822;0.0194789621;0.0615029591;0.0000064822;0.0122967025;0.0000064822;idlv+clasp-frumpy
VideoStreaming;3-multimedia-0-0.asp;1.3951500834;0.0801834352;1.3149666481;0.0574729817;0.9425270183;0.9067084119;0.0000064822;0.0194789621;0.0615029591;0.0000064822;0.0122967025;0.0000064822;idlv+clasp-trendy
VideoStreaming;37-multimedia-0-0.asp;1.3951500834;0.0801834352;1.3149666481;0.0574729817;0.9425270183;0.9067084119;0.0000064822;0.0194789621;0.0615029591;0.0000064822;0.0122967025;0.0000064822;idlv+clasp-trendy
VideoStreaming;17-multimedia-0-0.asp;1.3951500834;0.0801834352;1.3149666481;0.0574729817;0.9425270183;0.9067084119;0.0000064822;0.0194789621;0.0615029591;0.0000064822;0.0122967025;0.0000064822;NONE
VideoStreaming;7-multimedia-0-0.asp;1.3951500834;0.0801834352;1.3149666481;0.0574729817;0.9425270183;0.9067084119;0.0000064822;0.0194789621;0.0615029591;0.0000064822;0.0122967025;0.0000064822;idlv+clasp-crafty
VideoStreaming;32-multimedia-0-0.asp;1.3951500834;0.0801834352;1.3149666481;0.0574729817;0.9425270183;0.9067084119;0.0000064822;0.0194789621;0.0615029591;0.0000064822;0.0122967025;0.0000064822;idlv+clasp-jumpy
VideoStreaming;8-multimedia-0-0.asp;1.3951500834;0.0801834352;1.3149666481;0.0574729817;0.9425270183;0.9067084119;0.0000064822;0.0194789621;0.0615029591;0.0000064822;0.0122967025;0.0000064822;NONE
VideoStreaming;20-multimedia-0-0.asp;1.3951500834;0.0801834352;1.3149666481;0.0574729817;0.9425270183;0.9067084119;0.0000064822;0.0194789621;0.0615029591;0.0000064822;0.0122967025;0.0000064822;NONE
VideoStreaming;4-multimedia-0-0.asp;1.3951500834;0.0801834352;1.3149666481;0.0574729817;0.9425270183;0.9067084119;0.0000064822;0.0194789621;0.0615029591;0.0000064822;0.0122967025;0.0000064822;idlv+clasp-crafty
VideoStreaming;34-multimedia-0-0.asp;1.3951500834;0.0801834352;1.3149666481;0.0574729817;0.9425270183;0.9067084119;0.0000064822;0.0194789621;0.0615029591;0.0000064822;0.0122967025;0.0000064822;idlv+clasp-crafty
VideoStreaming;11-multimedia-0-0.asp;1.3951500834;0.0801834352;1.3149666481;0.0574729817;0.9425270183;0.9067084119;0.0000064822;0.0194789621;0.0615029591;0.0000064822;0.0122967025;0.0000064822;NONE
Visit-all;0079-visitall-91-1.asp;1.0153849188;0.0156807827;0.9997041362;0.0154431904;0.9845568096;0.0002990617;0.0000000000;0.0001248829;0.9995760553;0.0000000000;0.0000000000;0.0000008216;NONE
Visit-all;0052-visitall-42-1.asp;1.0269030506;0.0280148975;0.9988881531;0.0272809566;0.9727190434;0.0011348602;0.0000000000;0.0004551578;0.9984099819;0.0000000000;0.0000000000;0.0000060688;idlv+clasp-handy
Visit-all;0058-visitall-79-1.asp;1.0153602917;0.0156885030;0.9996717886;0.0154511686;0.9845488314;0.0003318522;0.0000000000;0.0001312410;0.9995369068;0.0000000000;0.0000000000;0.0000009374;NONE
Visit-all;0095-visitall-92-1.asp;1.0200660372;0.0204841393;0.9995818979;0.0200811894;0.9799188106;0.0004236500;0.0000000000;0.0001975125;0.9993788375;0.0000000000;0.0000000000;0.0000014312;idlv+clasp-trendy
Visit-all;0082-visitall-26-1.asp;1.0588490367;0.0636189060;0.9952301307;0.0600830749;0.9399169251;0.0049926036;0.0000000000;0.0024038462;0.9926035503;0.0000000000;0.0000000000;0.0000616371;idlv+clasp-tweety
Visit-all;0091-visitall-66-1.asp;1.0271265182;0.0279336207;0.9991928975;0.0271958909;0.9728041091;0.0008221743;0.0000000000;0.0003894510;0.9987883747;0.0000000000;0.0000000000;0.0000039338;idlv+clasp-jumpy
Visit-all;0081-visitall-26-1.asp;1.0586813945;0.0637210908;0.9949603038;0.0601891099;0.9398108901;0.0052877352;0.0000000000;0.0026782035;0.9920340613;0.0000000000;0.0000000000;0.0000686719;idlv+clasp-trendy
Visit-all;0075-visitall-69-1.asp;1.0199982131;0.0205063583;0.9994918548;0.0201043081;0.9798956919;0.0005153249;0.0000000000;0.0002139435;0.9992707316;0.0000000000;0.0000000000;0.0000018604;idlv+clasp
Visit-all;0070-visitall-49-1.asp;1.0269832004;0.0279885840;0.9989946163;0.0272532053;0.9727467947;0.0010259512;0.0000000000;0.0004427789;0.9985312699;0.0000000000;0.0000000000;0.0000053997;idlv+clasp-handy
Visit-all;0083-visitall-26-1.asp;1.0587735911;0.0636713903;0.9951022007;0.0601369272;0.9398630728;0.0051325364;0.0000000000;0.0025337838;0.9923336798;0.0000000000;0.0000000000;0.0000649688;idlv+clasp-handy
Visit-all;0073-visitall-69-1.asp;1.0199966069;0.0205074554;0.9994891515;0.0201054153;0.9798945847;0.0005181201;0.0000000000;0.0002166684;0.9992652115;0.0000000000;0.0000000000;0.0000018841;idlv+clasp-trendy
Visit-all;0023-visitall-15-1.asp;0.9951456311;0.0485436893;0.9466019417;0.0487804878;0.9512195122;0.2481751825;0.0000000000;0.0401459854;0.7116788321;0.0000000000;0.0000000000;0.0000000000;idlv+clasp-frumpy
Visit-all;0054-visitall-59-1.asp;1.0199467610;0.0205251545;0.9994216065;0.0201237509;0.9798762491;0.0005869815;0.0000000000;0.0002343462;0.9991786723;0.0000000000;0.0000000000;0.0000022319;idlv+clasp-handy
Visit-all;0097-visitall-122-1.asp;1.0154292684;0.0156658259;0.9997634425;0.0154277864;0.9845722136;0.0002388839;0.0000000000;0.0001090168;0.9996520993;0.0000000000;0.0000000000;0.0000005957;idlv+clasp-handy
Visit-all;0017-visitall-67-1.asp;1.0153252257;0.0157003186;0.9996249071;0.0154633394;0.9845366606;0.0003794143;0.0000000000;0.0001428383;0.9994777474;0.0000000000;0.0000000000;0.0000011159;NONE
Visit-all;0089-visitall-66-1.asp;1.0271311688;0.0279311904;0.9991999784;0.0271934016;0.9728065984;0.0008148165;0.0000000000;0.0003823073;0.9988028762;0.0000000000;0.0000000000;0.0000038617;idlv+wasp
Visit-all;0013-visitall-50-1.asp;1.0198868877;0.0205457430;0.9993411447;0.0201451193;0.9798548807;0.0006689492;0.0000000000;0.0002528312;0.9990782196;0.0000000000;0.0000000000;0.0000026337;idlv+clasp-trendy
Visit-all;0009-visitall-36-1.asp;1.0267937746;0.0280576319;0.9987361427;0.0273254792;0.9726745208;0.0012910764;0.0000000000;0.0004976775;0.9982112461;0.0000000000;0.0000000000;0.0000072127;idlv+clasp-handy
Visit-all;0015-visitall-50-1.asp;1.0198885368;0.0205442028;0.9993443340;0.0201435766;0.9798564234;0.0006656301;0.0000000000;0.0002496113;0.9990847586;0.0000000000;0.0000000000;0.0000026001;idlv+clasp-handy
Visit-all;0028-visitall-26-1.asp;1.0380160114;0.0406100452;0.9974059663;0.0391227541;0.9608772459;0.0026763014;0.0000000000;0.0010705205;0.9962531781;0.0000000000;0.0000000000;0.0000223025;idlv+clasp-jumpy
Visit-all;0066-visitall-33-1.asp;1.0382860989;0.0405107306;0.9977753683;0.0390169247;0.9609830753;0.0022941341;0.0000000000;0.0010258323;0.9966800336;0.0000000000;0.0000000000;0.0000186515;idlv+clasp-handy
Visit-all;0051-visitall-42-1.asp;1.0268935548;0.0280225290;0.9988710257;0.0272886405;0.9727113595;0.0011528721;0.0000000000;0.0004724886;0.9983746393;0.0000000000;0.0000000000;0.0000062998;idlv+clasp-handy
Visit-all;0061-visitall-19-1.asp;1.0580645161;0.0640067912;0.9940577250;0.0604942234;0.9395057766;0.0062426185;0.0000000000;0.0026995107;0.9910578708;0.0000000000;0.0000000000;0.0000843597;idlv+clasp-jumpy
Visit-all;0093-visitall-92-1.asp;1.0200676839;0.0204832868;0.9995843971;0.0200803213;0.9799196787;0.0004210800;0.0000000000;0.0001949968;0.9993839232;0.0000000000;0.0000000000;0.0000014130;idlv+clasp-trendy
Visit-all;0068-visitall-33-1.asp;1.0383193041;0.0404853309;0.9978339732;0.0389912147;0.9610087853;0.0022314761;0.0000000000;0.0009663873;0.9968021366;0.0000000000;0.0000000000;0.0000175707;idlv+clasp-tweety
Visit-all;0065-visitall-33-1.asp;1.0383193041;0.0404853309;0.9978339732;0.0389912147;0.9610087853;0.0022314761;0.0000000000;0.0009663873;0.9968021366;0.0000000000;0.0000000000;0.0000175707;idlv+clasp-trendy
Visit-all;0039-visitall-73-1.asp;1.0153452068;0.0156930476;0.9996521592;0.0154558740;0.9845441260;0.0003517383;0.0000000000;0.0001346655;0.9995135962;0.0000000000;0.0000000000;0.0000010050;NONE
Visit-all;0047-visitall-28-1.asp;1.0381340543;0.0405552641;0.9975787902;0.0390655368;0.9609344632;0.0024956728;0.0000000000;0.0010063197;0.9964980075;0.0000000000;0.0000000000;0.0000201264;idlv+clasp-handy
Visit-all;0027-visitall-26-1.asp;1.0380177118;0.0406118615;0.9974058503;0.0391244398;0.9608755602;0.0026764207;0.0000000000;0.0010705683;0.9962530110;0.0000000000;0.0000000000;0.0000223035;idlv+clasp-jumpy
Visit-all;0067-visitall-33-1.asp;1.0383193041;0.0404853309;0.9978339732;0.0389912147;0.9610087853;0.0022314761;0.0000000000;0.0009663873;0.9968021366;0.0000000000;0.0000000000;0.0000175707;idlv+clasp-handy
Visit-all;0063-visitall-19-1.asp;1.0579813887;0.0640658554;0.9939155333;0.0605548038;0.9394451962;0.0064011380;0.0000000000;0.0028449502;0.9907539118;0.0000000000;0.0000000000;0.0000889047;idlv+clasp-frumpy
Visit-all;0045-visitall-28-1.asp;1.0381181746;0.0405680355;0.9975501391;0.0390784369;0.9609215631;0.0025265076;0.0000000000;0.0010354539;0.9964380384;0.0000000000;0.0000000000;0.0000207091;idlv+clasp-handy
Visit-all;0004-visitall-14-1.asp;1.0569273811;0.0645906824;0.9923366987;0.0611117505;0.9388882495;0.0080839768;0.0000000000;0.0032577220;0.9886583012;0.0000000000;0.0000000000;0.0001206564;idlv+clasp-trendy
Visit-all;0016-visitall-50-1.asp;1.0198885368;0.0205442028;0.9993443340;0.0201435766;0.9798564234;0.0006656301;0.0000000000;0.0002496113;0.9990847586;0.0000000000;0.0000000000;0.0000026001;idlv+clasp
Visit-all;0092-visitall-66-1.asp;1.0271216905;0.0279361437;0.9991855469;0.0271984750;0.9728015250;0.0008298123;0.0000000000;0.0003968668;0.9987733209;0.0000000000;0.0000000000;0.0000040088;idlv+clasp-crafty
Visit-all;0031-visitall-39-1.asp;1.0268592652;0.0280287356;0.9988305296;0.0272955959;0.9727044041;0.0011937463;0.0000000000;0.0004620953;0.9983441583;0.0000000000;0.0000000000;0.0000064180;idlv+clasp-jumpy
Visit-all;0010-visitall-36-1.asp;1.0267984375;0.0280532849;0.9987451525;0.0273211216;0.9726788784;0.0012815611;0.0000000000;0.0004885509;0.9982298880;0.0000000000;0.0000000000;0.0000070804;idlv+clasp-trendy
Visit-all;0041-visitall-16-1.asp;1.0574284803;0.0643411677;0.9930873126;0.0608468269;0.9391531731;0.0072846284;0.0000000000;0.0030616554;0.9896537162;0.0000000000;0.0000000000;0.0001055743;idlv+clasp-frumpy
Visit-all;0064-visitall-19-1.asp;1.0580546597;0.0639959260;0.9940587337;0.0604845179;0.9395154821;0.0062415655;0.0000000000;0.0026990553;0.9910593792;0.0000000000;0.0000000000;0.0000843455;idlv+clasp-frumpy
Visit-all;0059-visitall-79-1.asp;1.0153609774;0.0156879648;0.9996730126;0.0154506281;0.9845493719;0.0003305939;0.0000000000;0.0001300088;0.9995393973;0.0000000000;0.0000000000;0.0000009286;NONE
Visit-all;0040-visitall-73-1.asp;1.0153445210;0.0156936292;0.9996508918;0.0154564572;0.9845435428;0.0003530429;0.0000000000;0.0001359418;0.9995110153;0.0000000000;0.0000000000;0.0000010145;NONE
Visit-all;0056-visitall-59-1.asp;1.0199467610;0.0205251545;0.9994216065;0.0201237509;0.9798762491;0.0005869815;0.0000000000;0.0002343462;0.9991786723;0.0000000000;0.0000000000;0.0000022319;idlv+clasp-trendy
Visit-all;0057-visitall-79-1.asp;1.0153609774;0.0156879648;0.9996730126;0.0154506281;0.9845493719;0.0003305939;0.0000000000;0.0001300088;0.9995393973;0.0000000000;0.0000000000;0.0000009286;NONE
Visit-all;0020-visitall-67-1.asp;1.0153252257;0.0157003186;0.9996249071;0.0154633394;0.9845366606;0.0003794143;0.0000000000;0.0001428383;0.9994777474;0.0000000000;0.0000000000;0.0000011159;NONE
Visit-all;0026-visitall-26-1.asp;1.0380319033;0.0405963402;0.9974355631;0.0391089523;0.9608910477;0.0026443558;0.0000000000;0.0010404023;0.9963152419;0.0000000000;0.0000000000;0.0000216750;idlv+clasp-tweety
Visit-all;0029-visitall-39-1.asp;1.0268501113;0.0280366356;0.9988134757;0.0273035327;0.9726964673;0.0012117177;0.0000000000;0.0004793609;0.9983089214;0.0000000000;0.0000000000;0.0000066578;idlv+clasp-handy
Visit-all;0022-visitall-15-1.asp;1.0573417981;0.0643047307;0.9930370674;0.0608173543;0.9391826457;0.0073185607;0.0000000000;0.0028461069;0.9898353324;0.0000000000;0.0000000000;0.0001016467;idlv+clasp-frumpy
Visit-all;0053-visitall-59-1.asp;1.0199467610;0.0205251545;0.9994216065;0.0201237509;0.9798762491;0.0005869815;0.0000000000;0.0002343462;0.9991786723;0.0000000000;0.0000000000;0.0000022319;idlv+clasp-tweety
Visit-all;0069-visitall-49-1.asp;1.0269880336;0.0279852330;0.9990028006;0.0272498141;0.9727501859;0.0010173802;0.0000000000;0.0004345061;0.9985481136;0.0000000000;0.0000000000;0.0000052989;idlv+clasp-handy
Visit-all;0048-visitall-28-1.asp;1.0381029764;0.0405833048;0.9975196716;0.0390937178;0.9609062822;0.0025592902;0.0000000000;0.0010663709;0.9963743389;0.0000000000;0.0000000000;0.0000213274;idlv+clasp-tweety
Visit-all;0094-visitall-92-1.asp;1.0200643475;0.0204850141;0.9995793334;0.0200820803;0.9799179197;0.0004262871;0.0000000000;0.0002000940;0.9993736189;0.0000000000;0.0000000000;0.0000014500;idlv+clasp-crafty
Visit-all;0007-visitall-24-1.asp;0.9981203008;0.0056390977;0.9924812030;0.0056497175;0.9943502825;0.1815384615;0.0000000000;0.0061538462;0.8123076923;0.0000000000;0.0000000000;0.0000000000;idlv+clasp-frumpy
Visit-all;0042-visitall-16-1.asp;1.0575871005;0.0642096170;0.9933774834;0.0607133134;0.9392866866;0.0069576820;0.0000000000;0.0027640107;0.9902783073;0.0000000000;0.0000000000;0.0000953107;idlv+clasp-frumpy
Visit-all;0025-visitall-26-1.asp;1.0380009212;0.0406264394;0.9973744818;0.0391391169;0.9608608831;0.0027102761;0.0000000000;0.0011024852;0.9961872387;0.0000000000;0.0000000000;0.0000229684;idlv+clasp
Visit-all;0030-visitall-39-1.asp;1.0268501113;0.0280366356;0.9988134757;0.0273035327;0.9726964673;0.0012117177;0.0000000000;0.0004793609;0.9983089214;0.0000000000;0.0000000000;0.0000066578;idlv+clasp-trendy
Visit-all;0034-visitall-55-1.asp;1.0199226667;0.0205335710;0.9993890957;0.0201324783;0.9798675217;0.0006201023;0.0000000000;0.0002418160;0.9991380817;0.0000000000;0.0000000000;0.0000023942;idlv+clasp
Visit-all;0011-visitall-36-1.asp;1.0268072681;0.0280450526;0.9987622154;0.0273128692;0.9726871308;0.0012635404;0.0000000000;0.0004712664;0.9982651932;0.0000000000;0.0000000000;0.0000068299;idlv+clasp-jumpy
Visit-all;0008-visitall-24-1.asp;1.0378799221;0.0406747517;0.9972051704;0.0391902289;0.9608097711;0.0028862901;0.0000000000;0.0011445633;0.9959691466;0.0000000000;0.0000000000;0.0000248818;idlv+clasp-frumpy
Visit-all;0060-visitall-79-1.asp;1.0153609774;0.0156879648;0.9996730126;0.0154506281;0.9845493719;0.0003305939;0.0000000000;0.0001300088;0.9995393973;0.0000000000;0.0000000000;0.0000009286;NONE
Visit-all;0084-visitall-26-1.asp;1.0588490367;0.0636189060;0.9952301307;0.0600830749;0.9399169251;0.0049926036;0.0000000000;0.0024038462;0.9926035503;0.0000000000;0.0000000000;0.0000616371;idlv+clasp-frumpy
Visit-all;0038-visitall-73-1.asp;1.0153445210;0.0156936292;0.9996508918;0.0154564572;0.9845435428;0.0003530429;0.0000000000;0.0001359418;0.9995110153;0.0000000000;0.0000000000;0.0000010145;NONE
Visit-all;0032-visitall-39-1.asp;1.0268504693;0.0280370094;0.9988134599;0.0273038872;0.9726961128;0.0012117338;0.0000000000;0.0004793672;0.9983088989;0.0000000000;0.0000000000;0.0000066579;idlv+clasp-crafty
Visit-all;0005-visitall-24-1.asp;1.0378799221;0.0406747517;0.9972051704;0.0391902289;0.9608097711;0.0028862901;0.0000000000;0.0011445633;0.9959691466;0.0000000000;0.0000000000;0.0000248818;idlv+clasp-handy
Visit-all;0074-visitall-69-1.asp;1.0199950356;0.0205086590;0.9994863766;0.0201066263;0.9798933737;0.0005209894;0.0000000000;0.0002194644;0.9992595462;0.0000000000;0.0000000000;0.0000019084;idlv+clasp-tweety
Visit-all;0044-visitall-16-1.asp;1.0575002522;0.0642590538;0.9932411984;0.0607650482;0.9392349518;0.0071113782;0.0000000000;0.0029046474;0.9899839744;0.0000000000;0.0000000000;0.0001001603;idlv+clasp-frumpy
Visit-all;0014-visitall-50-1.asp;1.0198868877;0.0205457430;0.9993411447;0.0201451193;0.9798548807;0.0006689492;0.0000000000;0.0002528312;0.9990782196;0.0000000000;0.0000000000;0.0000026337;idlv+clasp-tweety
Visit-all;0096-visitall-92-1.asp;1.0200676839;0.0204832868;0.9995843971;0.0200803213;0.9799196787;0.0004210800;0.0000000000;0.0001949968;0.9993839232;0.0000000000;0.0000000000;0.0000014130;idlv+clasp-trendy
Visit-all;0035-visitall-55-1.asp;1.0199225712;0.0205334726;0.9993890986;0.0201323838;0.9798676162;0.0006200994;0.0000000000;0.0002418148;0.9991380858;0.0000000000;0.0000000000;0.0000023942;idlv+clasp-jumpy
Visit-all;0087-visitall-44-1.asp;0.9989898990;0.0212121212;0.9777777778;0.0212335693;0.9787664307;0.1223404255;0.0000000000;0.0195035461;0.8581560284;0.0000000000;0.0000000000;0.0000000000;idlv+clasp-frumpy
Visit-all;0080-visitall-91-1.asp;1.0153862778;0.0156798106;0.9997064672;0.0154422124;0.9845577876;0.0002966704;0.0000000000;0.0001225378;0.9995807919;0.0000000000;0.0000000000;0.0000008062;NONE
Visit-all;0062-visitall-19-1.asp;1.0580546597;0.0639959260;0.9940587337;0.0604845179;0.9395154821;0.0062415655;0.0000000000;0.0026990553;0.9910593792;0.0000000000;0.0000000000;0.0000843455;idlv+clasp-frumpy
Visit-all;0078-visitall-91-1.asp;1.0153855922;0.0156802793;0.9997053130;0.0154426844;0.9845573156;0.0002978545;0.0000000000;0.0001236991;0.9995784464;0.0000000000;0.0000000000;0.0000008138;NONE
Visit-all;0098-visitall-122-1.asp;1.0154279292;0.0156665430;0.9997613862;0.0154285130;0.9845714870;0.0002409843;0.0000000000;0.0001110835;0.9996479322;0.0000000000;0.0000000000;0.0000006070;idlv+clasp-handy
Visit-all;0036-visitall-55-1.asp;1.0199226667;0.0205335710;0.9993890957;0.0201324783;0.9798675217;0.0006201023;0.0000000000;0.0002418160;0.9991380817;0.0000000000;0.0000000000;0.0000023942;idlv+clasp-jumpy
Visit-all;0076-visitall-69-1.asp;1.0199949593;0.0205085807;0.9994863785;0.0201065511;0.9798934489;0.0005209874;0.0000000000;0.0002194636;0.9992595491;0.0000000000;0.0000000000;0.0000019084;idlv+clasp-trendy
Visit-all;0012-visitall-36-1.asp;1.0267988174;0.0280536827;0.9987451347;0.0273214989;0.9726785011;0.0012815792;0.0000000000;0.0004885578;0.9982298629;0.0000000000;0.0000000000;0.0000070805;idlv+clasp-jumpy
Visit-all;0002-visitall-14-1.asp;1.0570738668;0.0644276150;0.9926462518;0.0609490188;0.9390509812;0.0077325201;0.0000000000;0.0029405358;0.9893269440;0.0000000000;0.0000000000;0.0001089087;idlv+clasp-frumpy
Visit-all;0086-visitall-44-1.asp;1.0386164781;0.0403612758;0.9982552023;0.0388606156;0.9611393844;0.0017928950;0.0000000000;0.0008452219;0.9973618831;0.0000000000;0.0000000000;0.0000128064;idlv+clasp-handy
Visit-all;0090-visitall-66-1.asp;1.0271356517;0.0279288477;0.9992068040;0.0271910021;0.9728089979;0.0008077238;0.0000000000;0.0003754209;0.9988168553;0.0000000000;0.0000000000;0.0000037921;idlv+clasp-tweety
Visit-all;0072-visitall-49-1.asp;1.0269832004;0.0279885840;0.9989946163;0.0272532053;0.9727467947;0.0010259512;0.0000000000;0.0004427789;0.9985312699;0.0000000000;0.0000000000;0.0000053997;idlv+wasp
Visit-all;0018-visitall-67-1.asp;1.0153252599;0.0157003537;0.9996249062;0.0154633734;0.9845366266;0.0003794152;0.0000000000;0.0001428387;0.9994777462;0.0000000000;0.0000000000;0.0000011159;NONE
Visit-all;0001-visitall-14-1.asp;1.0569273811;0.0645906824;0.9923366987;0.0611117505;0.9388882495;0.0080839768;0.0000000000;0.0032577220;0.9886583012;0.0000000000;0.0000000000;0.0001206564;idlv+clasp-frumpy
Visit-all;0019-visitall-67-1.asp;1.0153259247;0.0156996738;0.9996262509;0.0154626937;0.9845373063;0.0003780292;0.0000000000;0.0001414846;0.9994804862;0.0000000000;0.0000000000;0.0000011053;NONE
Visit-all;0085-visitall-44-1.asp;1.0385849467;0.0403795954;0.9982053513;0.0388794345;0.9611205655;0.0018456194;0.0000000000;0.0008956682;0.9972587124;0.0000000000;0.0000000000;0.0000135707;idlv+clasp-handy
Visit-all;0033-visitall-55-1.asp;1.0199225712;0.0205334726;0.9993890986;0.0201323838;0.9798676162;0.0006200994;0.0000000000;0.0002418148;0.9991380858;0.0000000000;0.0000000000;0.0000023942;idlv+clasp-jumpy
Visit-all;0049-visitall-42-1.asp;0.9992952784;0.0225510923;0.9767441860;0.0225669958;0.9774330042;0.1164383562;0.0000000000;0.0205479452;0.8630136986;0.0000000000;0.0000000000;0.0000000000;idlv+clasp-frumpy
Visit-all;0071-visitall-49-1.asp;1.0269926895;0.0279820049;0.9990106846;0.0272465473;0.9727534527;0.0010091237;0.0000000000;0.0004265368;0.9985643394;0.0000000000;0.0000000000;0.0000052017;idlv+clasp-tweety
Visit-all;0055-visitall-59-1.asp;1.0199467610;0.0205251545;0.9994216065;0.0201237509;0.9798762491;0.0005869815;0.0000000000;0.0002343462;0.9991786723;0.0000000000;0.0000000000;0.0000022319;idlv+clasp-handy
Visit-all;0006-visitall-24-1.asp;1.4199889258;0.0063676633;1.4136212625;0.0044843049;0.9955156951;0.0313757039;0.0000000000;0.0064360418;0.9621882542;0.0000000000;0.0000000000;0.0002681684;idlv+clasp-frumpy
Visit-all;0046-visitall-28-1.asp;1.0381029764;0.0405833048;0.9975196716;0.0390937178;0.9609062822;0.0025592902;0.0000000000;0.0010663709;0.9963743389;0.0000000000;0.0000000000;0.0000213274;idlv+clasp-handy
Visit-all;0043-visitall-16-1.asp;1.0575002522;0.0642590538;0.9932411984;0.0607650482;0.9392349518;0.0071113782;0.0000000000;0.0029046474;0.9899839744;0.0000000000;0.0000000000;0.0001001603;idlv+clasp-frumpy
Visit-all;0021-visitall-15-1.asp;1.0571017274;0.0645393474;0.9925623800;0.0610531094;0.9389468906;0.0078552726;0.0000000000;0.0033325399;0.9888121876;0.0000000000;0.0000000000;0.0001190193;idlv+clasp-frumpy
Visit-all;0077-visitall-91-1.asp;1.0153862778;0.0156798106;0.9997064672;0.0154422124;0.9845577876;0.0002966704;0.0000000000;0.0001225378;0.9995807919;0.0000000000;0.0000000000;0.0000008062;NONE
Visit-all;0003-visitall-14-1.asp;1.0568342549;0.0646778964;0.9921563585;0.0611996593;0.9388003407;0.0082887019;0.0000000000;0.0034429992;0.9882682989;0.0000000000;0.0000000000;0.0001275185;idlv+clasp-frumpy
Visit-all;0099-visitall-122-1.asp;1.0154279105;0.0156665240;0.9997613865;0.0154284946;0.9845715054;0.0002409840;0.0000000000;0.0001110833;0.9996479326;0.0000000000;0.0000000000;0.0000006070;NONE
Visit-all;0024-visitall-15-1.asp;1.0573417981;0.0643047307;0.9930370674;0.0608173543;0.9391826457;0.0073185607;0.0000000000;0.0028461069;0.9898353324;0.0000000000;0.0000000000;0.0001016467;idlv+clasp-tweety
Visit-all;0050-visitall-42-1.asp;1.0269030506;0.0280148975;0.9988881531;0.0272809566;0.9727190434;0.0011348602;0.0000000000;0.0004551578;0.9984099819;0.0000000000;0.0000000000;0.0000060688;idlv+clasp-jumpy
Visit-all;0100-visitall-122-1.asp;1.0154285958;0.0156661717;0.9997624242;0.0154281372;0.9845718628;0.0002399241;0.0000000000;0.0001100404;0.9996500355;0.0000000000;0.0000000000;0.0000006013;idlv+clasp-jumpy
Visit-all;0037-visitall-73-1.asp;1.0153438221;0.0156942219;0.9996496002;0.0154570516;0.9845429484;0.0003543724;0.0000000000;0.0001372425;0.9995083851;0.0000000000;0.0000000000;0.0000010242;NONE
Visit-all;0088-visitall-44-1.asp;1.0385849467;0.0403795954;0.9982053513;0.0388794345;0.9611205655;0.0018456194;0.0000000000;0.0008956682;0.9972587124;0.0000000000;0.0000000000;0.0000135707;idlv+clasp-handy
