MaximalCliqueProblem;93-Maximal_Clique-3000-0.asp;1.9980046540;0.0039880332;1.9940166208;0.0019960080;0.9980039920;0.6662228139;0.0000002219;0.3324458497;0.0013311145;0.0000000000;0.0000000000;0.0000002219;NONE
MaximalCliqueProblem;106-Maximal_Clique-3300-0.asp;1.9981856654;0.0036264713;1.9945591942;0.0018148820;0.9981851180;0.6662631153;0.0000001834;0.3325264141;0.0012102872;0.0000000000;0.0000000000;0.0000001834;NONE
MaximalCliqueProblem;94-Maximal_Clique-3000-0.asp;1.9980046540;0.0039880332;1.9940166208;0.0019960080;0.9980039920;0.6662228139;0.0000002219;0.3324458497;0.0013311145;0.0000000000;0.0000000000;0.0000002219;NONE
MaximalCliqueProblem;42-Maximal_Clique-1700-0.asp;1.9964850543;0.0070216308;1.9894634235;0.0035169964;0.9964830036;0.6658839635;0.0000006900;0.3317693070;0.0023460394;0.0000000000;0.0000000000;0.0000006900;idlv+wasp
MaximalCliqueProblem;102-Maximal_Clique-3200-0.asp;1.9981290915;0.0037394798;1.9943896117;0.0018714906;0.9981285094;0.6662504551;0.0000001950;0.3325013002;0.0012480497;0.0000000000;0.0000000000;0.0000001950;NONE
MaximalCliqueProblem;95-Maximal_Clique-3000-0.asp;1.9980046540;0.0039880332;1.9940166208;0.0019960080;0.9980039920;0.6662228139;0.0000002219;0.3324458497;0.0013311145;0.0000000000;0.0000000000;0.0000002219;NONE
MaximalCliqueProblem;1-Maximal_Clique-700-0.asp;1.9915133345;0.0169249740;1.9745883605;0.0084985492;0.9915014508;0.6647713687;0.0000040527;0.3295508428;0.0056737359;0.0000000000;0.0000000000;0.0000040527;idlv+wasp
MaximalCliqueProblem;99-Maximal_Clique-3100-0.asp;1.9980688755;0.0038597588;1.9942091168;0.0019317446;0.9980682554;0.6662370441;0.0000002078;0.3324745037;0.0012882445;0.0000000000;0.0000000000;0.0000002078;NONE
MaximalCliqueProblem;52-Maximal_Clique-1900-0.asp;1.9968536917;0.0062859998;1.9905676919;0.0031479521;0.9968520479;0.6659662020;0.0000005526;0.3319335091;0.0020997364;0.0000000000;0.0000000000;0.0000005526;idlv+wasp
MaximalCliqueProblem;107-Maximal_Clique-3300-0.asp;1.9981856654;0.0036264713;1.9945591942;0.0018148820;0.9981851180;0.6662631153;0.0000001834;0.3325264141;0.0012102872;0.0000000000;0.0000000000;0.0000001834;NONE
MaximalCliqueProblem;31-Maximal_Clique-1400-0.asp;1.9957355947;0.0085166440;1.9872189507;0.0042674210;0.9957325790;0.6657166592;0.0000010168;0.3314353519;0.0028469722;0.0000000000;0.0000000000;0.0000010168;idlv+wasp
MaximalCliqueProblem;117-Maximal_Clique-3600-0.asp;1.9983365668;0.0033250192;1.9950115475;0.0016638935;0.9983361065;0.6662967073;0.0000001541;0.3325935687;0.0011095699;0.0000000000;0.0000000000;0.0000001541;NONE
MaximalCliqueProblem;59-Maximal_Clique-2100-0.asp;1.9971523442;0.0056898927;1.9914624514;0.0028490028;0.9971509972;0.6660329528;0.0000004524;0.3320663581;0.0019002367;0.0000000000;0.0000000000;0.0000004524;NONE
MaximalCliqueProblem;9-Maximal_Clique-900-0.asp;1.9933847203;0.0132012233;1.9801834970;0.0066225166;0.9933774834;0.6651917368;0.0000024555;0.3303859291;0.0044198786;0.0000000000;0.0000000000;0.0000024555;idlv+wasp
MaximalCliqueProblem;118-Maximal_Clique-3600-0.asp;1.9983365668;0.0033250192;1.9950115475;0.0016638935;0.9983361065;0.6662967073;0.0000001541;0.3325935687;0.0011095699;0.0000000000;0.0000000000;0.0000001541;NONE
MaximalCliqueProblem;126-Maximal_Clique-3800-0.asp;1.9984239552;0.0031504314;1.9952735238;0.0015764580;0.9984235420;0.6663161123;0.0000001383;0.3326325012;0.0010512482;0.0000000000;0.0000000000;0.0000001383;NONE
MaximalCliqueProblem;73-Maximal_Clique-2500-0.asp;1.9976066989;0.0047827759;1.9928239231;0.0023942530;0.9976057470;0.6661340787;0.0000003194;0.3322687961;0.0015968059;0.0000000000;0.0000000000;0.0000003194;NONE
MaximalCliqueProblem;36-Maximal_Clique-1500-0.asp;1.9960185659;0.0079522652;1.9880663007;0.0039840637;0.9960159363;0.6657801411;0.0000008859;0.3315611681;0.0026578050;0.0000000000;0.0000000000;0.0000008859;idlv+wasp
MaximalCliqueProblem;6-Maximal_Clique-800-0.asp;1.9925649868;0.0148329440;1.9777320429;0.0074441456;0.9925558544;0.6650072515;0.0000031056;0.3300207142;0.0049689287;0.0000000000;0.0000000000;0.0000031056;NONE
MaximalCliqueProblem;114-Maximal_Clique-3500-0.asp;1.9982891352;0.0034197755;1.9948693597;0.0017113517;0.9982886483;0.6662860948;0.0000001630;0.3325725156;0.0011412266;0.0000000000;0.0000000000;0.0000001630;NONE
MaximalCliqueProblem;108-Maximal_Clique-3300-0.asp;1.9981856654;0.0036264713;1.9945591942;0.0018148820;0.9981851180;0.6662631153;0.0000001834;0.3325264141;0.0012102872;0.0000000000;0.0000000000;0.0000001834;NONE
MaximalCliqueProblem;112-Maximal_Clique-3400-0.asp;1.9982389190;0.0035200914;1.9947188275;0.0017615969;0.9982384031;0.6662749130;0.0000001728;0.3325501715;0.0011747428;0.0000000000;0.0000000000;0.0000001728;NONE
MaximalCliqueProblem;72-Maximal_Clique-2400-0.asp;1.9975072670;0.0049813149;1.9925259521;0.0024937656;0.9975062344;0.6661120353;0.0000003465;0.3322244171;0.0016632011;0.0000000000;0.0000000000;0.0000003465;NONE
MaximalCliqueProblem;8-Maximal_Clique-800-0.asp;1.9925649868;0.0148329440;1.9777320429;0.0074441456;0.9925558544;0.6650072515;0.0000031056;0.3300207142;0.0049689287;0.0000000000;0.0000000000;0.0000031056;idlv+wasp
MaximalCliqueProblem;97-Maximal_Clique-3100-0.asp;1.9980688755;0.0038597588;1.9942091168;0.0019317446;0.9980682554;0.6662370441;0.0000002078;0.3324745037;0.0012882445;0.0000000000;0.0000000000;0.0000002078;NONE
MaximalCliqueProblem;45-Maximal_Clique-1800-0.asp;1.9966795713;0.0066334869;1.9900460843;0.0033222591;0.9966777409;0.6659275679;0.0000006156;0.3318557514;0.0022160651;0.0000000000;0.0000000000;0.0000006156;NONE
MaximalCliqueProblem;35-Maximal_Clique-1500-0.asp;1.9960185659;0.0079522652;1.9880663007;0.0039840637;0.9960159363;0.6657801411;0.0000008859;0.3315611681;0.0026578050;0.0000000000;0.0000000000;0.0000008859;NONE
MaximalCliqueProblem;69-Maximal_Clique-2400-0.asp;1.9975072670;0.0049813149;1.9925259521;0.0024937656;0.9975062344;0.6661120353;0.0000003465;0.3322244171;0.0016632011;0.0000000000;0.0000000000;0.0000003465;NONE
MaximalCliqueProblem;100-Maximal_Clique-3100-0.asp;1.9980688755;0.0038597588;1.9942091168;0.0019317446;0.9980682554;0.6662370441;0.0000002078;0.3324745037;0.0012882445;0.0000000000;0.0000000000;0.0000002078;NONE
MaximalCliqueProblem;86-Maximal_Clique-2800-0.asp;1.9978624850;0.0042719786;1.9935905064;0.0021382746;0.9978617254;0.6661910705;0.0000002546;0.3323826503;0.0014260246;0.0000000000;0.0000000000;0.0000002546;NONE
MaximalCliqueProblem;26-Maximal_Clique-1300-0.asp;1.9954093182;0.0091672602;1.9862420580;0.0045941753;0.9954058247;0.6656437776;0.0000011789;0.3312899130;0.0030651305;0.0000000000;0.0000000000;0.0000011789;idlv+wasp
MaximalCliqueProblem;115-Maximal_Clique-3500-0.asp;1.9982891352;0.0034197755;1.9948693597;0.0017113517;0.9982886483;0.6662860948;0.0000001630;0.3325725156;0.0011412266;0.0000000000;0.0000000000;0.0000001630;NONE
MaximalCliqueProblem;103-Maximal_Clique-3200-0.asp;1.9981290915;0.0037394798;1.9943896117;0.0018714906;0.9981285094;0.6662504551;0.0000001950;0.3325013002;0.0012480497;0.0000000000;0.0000000000;0.0000001950;NONE
MaximalCliqueProblem;43-Maximal_Clique-1700-0.asp;1.9964850543;0.0070216308;1.9894634235;0.0035169964;0.9964830036;0.6658839635;0.0000006900;0.3317693070;0.0023460394;0.0000000000;0.0000000000;0.0000006900;NONE
MaximalCliqueProblem;125-Maximal_Clique-3800-0.asp;1.9984239552;0.0031504314;1.9952735238;0.0015764580;0.9984235420;0.6663161123;0.0000001383;0.3326325012;0.0010512482;0.0000000000;0.0000000000;0.0000001383;NONE
MaximalCliqueProblem;40-Maximal_Clique-1600-0.asp;1.9962663261;0.0074580253;1.9888083008;0.0037359871;0.9962640129;0.6658351512;0.0000007788;0.3316718601;0.0024922099;0.0000000000;0.0000000000;0.0000007788;idlv+wasp
MaximalCliqueProblem;79-Maximal_Clique-2600-0.asp;1.9976985020;0.0045994580;1.9930990440;0.0023023784;0.9976976216;0.6661545353;0.0000002953;0.3323096612;0.0015355082;0.0000000000;0.0000000000;0.0000002953;NONE
MaximalCliqueProblem;15-Maximal_Clique-1000-0.asp;1.9940416726;0.0118928690;1.9821488036;0.0059642029;0.9940357971;0.6653379794;0.0000019900;0.3306799389;0.0039800916;0.0000000000;0.0000000000;0.0000019900;idlv+wasp
MaximalCliqueProblem;66-Maximal_Clique-2300-0.asp;1.9973992168;0.0051970472;1.9922021697;0.0026019071;0.9973980929;0.6660878370;0.0000003773;0.3321764285;0.0017353573;0.0000000000;0.0000000000;0.0000003773;NONE
MaximalCliqueProblem;121-Maximal_Clique-3700-0.asp;1.9983814398;0.0032353715;1.9951460683;0.0016189960;0.9983810040;0.6663066468;0.0000001459;0.3326135854;0.0010796220;0.0000000000;0.0000000000;0.0000001459;NONE
MaximalCliqueProblem;18-Maximal_Clique-1100-0.asp;1.9945799191;0.0108204881;1.9837594310;0.0054249459;0.9945750541;0.6654583867;0.0000016454;0.3309200643;0.0036199035;0.0000000000;0.0000000000;0.0000016454;idlv+wasp
MaximalCliqueProblem;90-Maximal_Clique-2900-0.asp;1.9979360150;0.0041251250;1.9938108900;0.0020646932;0.9979353068;0.6662074506;0.0000002374;0.3324153760;0.0013769360;0.0000000000;0.0000000000;0.0000002374;NONE
MaximalCliqueProblem;98-Maximal_Clique-3100-0.asp;1.9980688755;0.0038597588;1.9942091168;0.0019317446;0.9980682554;0.6662370441;0.0000002078;0.3324745037;0.0012882445;0.0000000000;0.0000000000;0.0000002078;NONE
MaximalCliqueProblem;63-Maximal_Clique-2200-0.asp;1.9972813741;0.0054323134;1.9918490607;0.0027198538;0.9972801462;0.6660615683;0.0000004123;0.3321239612;0.0018140582;0.0000000000;0.0000000000;0.0000004123;NONE
MaximalCliqueProblem;80-Maximal_Clique-2600-0.asp;1.9976985020;0.0045994580;1.9930990440;0.0023023784;0.9976976216;0.6661545353;0.0000002953;0.3323096612;0.0015355082;0.0000000000;0.0000000000;0.0000002953;NONE
MaximalCliqueProblem;123-Maximal_Clique-3700-0.asp;1.9983814398;0.0032353715;1.9951460683;0.0016189960;0.9983810040;0.6663066468;0.0000001459;0.3326135854;0.0010796220;0.0000000000;0.0000000000;0.0000001459;NONE
MaximalCliqueProblem;23-Maximal_Clique-1200-0.asp;1.9950289701;0.0099255173;1.9851034528;0.0049751244;0.9950248756;0.6655592454;0.0000013831;0.3311198740;0.0033194975;0.0000000000;0.0000000000;0.0000013831;idlv+wasp
MaximalCliqueProblem;50-Maximal_Clique-1900-0.asp;1.9968536917;0.0062859998;1.9905676919;0.0031479521;0.9968520479;0.6659662020;0.0000005526;0.3319335091;0.0020997364;0.0000000000;0.0000000000;0.0000005526;NONE
MaximalCliqueProblem;87-Maximal_Clique-2800-0.asp;1.9978624850;0.0042719786;1.9935905064;0.0021382746;0.9978617254;0.6661910705;0.0000002546;0.3323826503;0.0014260246;0.0000000000;0.0000000000;0.0000002546;NONE
MaximalCliqueProblem;54-Maximal_Clique-2000-0.asp;1.9970104589;0.0059731091;1.9910373499;0.0029910254;0.9970089746;0.6660011641;0.0000004988;0.3320033257;0.0019950115;0.0000000000;0.0000000000;0.0000004988;NONE
MaximalCliqueProblem;25-Maximal_Clique-1300-0.asp;1.9954093182;0.0091672602;1.9862420580;0.0045941753;0.9954058247;0.6656437776;0.0000011789;0.3312899130;0.0030651305;0.0000000000;0.0000000000;0.0000011789;idlv+wasp
MaximalCliqueProblem;82-Maximal_Clique-2700-0.asp;1.9977835218;0.0044296752;1.9933538466;0.0022172949;0.9977827051;0.6661735699;0.0000002738;0.3323474136;0.0014787427;0.0000000000;0.0000000000;0.0000002738;NONE
MaximalCliqueProblem;135-Maximal_Clique-4000-0.asp;1.9985026199;0.0029932637;1.9955093562;0.0014977532;0.9985022468;0.6663336247;0.0000001248;0.3326674990;0.0009987514;0.0000000000;0.0000000000;0.0000001248;NONE
MaximalCliqueProblem;53-Maximal_Clique-2000-0.asp;1.9970104589;0.0059731091;1.9910373499;0.0029910254;0.9970089746;0.6660011641;0.0000004988;0.3320033257;0.0019950115;0.0000000000;0.0000000000;0.0000004988;idlv+wasp
MaximalCliqueProblem;17-Maximal_Clique-1100-0.asp;1.9945799191;0.0108204881;1.9837594310;0.0054249459;0.9945750541;0.6654583867;0.0000016454;0.3309200643;0.0036199035;0.0000000000;0.0000000000;0.0000016454;idlv+wasp
MaximalCliqueProblem;67-Maximal_Clique-2300-0.asp;1.9973992168;0.0051970472;1.9922021697;0.0026019071;0.9973980929;0.6660878370;0.0000003773;0.3321764285;0.0017353573;0.0000000000;0.0000000000;0.0000003773;NONE
MaximalCliqueProblem;29-Maximal_Clique-1400-0.asp;1.9957355947;0.0085166440;1.9872189507;0.0042674210;0.9957325790;0.6657166592;0.0000010168;0.3314353519;0.0028469722;0.0000000000;0.0000000000;0.0000010168;idlv+wasp
MaximalCliqueProblem;110-Maximal_Clique-3400-0.asp;1.9982389190;0.0035200914;1.9947188275;0.0017615969;0.9982384031;0.6662749130;0.0000001728;0.3325501715;0.0011747428;0.0000000000;0.0000000000;0.0000001728;NONE
MaximalCliqueProblem;10-Maximal_Clique-900-0.asp;1.9933847203;0.0132012233;1.9801834970;0.0066225166;0.9933774834;0.6651917368;0.0000024555;0.3303859291;0.0044198786;0.0000000000;0.0000000000;0.0000024555;idlv+wasp
MaximalCliqueProblem;14-Maximal_Clique-1000-0.asp;1.9940416726;0.0118928690;1.9821488036;0.0059642029;0.9940357971;0.6653379794;0.0000019900;0.3306799389;0.0039800916;0.0000000000;0.0000000000;0.0000019900;idlv+wasp
MaximalCliqueProblem;47-Maximal_Clique-1800-0.asp;1.9966795713;0.0066334869;1.9900460843;0.0033222591;0.9966777409;0.6659275679;0.0000006156;0.3318557514;0.0022160651;0.0000000000;0.0000000000;0.0000006156;NONE
MaximalCliqueProblem;96-Maximal_Clique-3000-0.asp;1.9980046540;0.0039880332;1.9940166208;0.0019960080;0.9980039920;0.6662228139;0.0000002219;0.3324458497;0.0013311145;0.0000000000;0.0000000000;0.0000002219;NONE
MaximalCliqueProblem;91-Maximal_Clique-2900-0.asp;1.9979360150;0.0041251250;1.9938108900;0.0020646932;0.9979353068;0.6662074506;0.0000002374;0.3324153760;0.0013769360;0.0000000000;0.0000000000;0.0000002374;NONE
MaximalCliqueProblem;56-Maximal_Clique-2000-0.asp;1.9970104589;0.0059731091;1.9910373499;0.0029910254;0.9970089746;0.6660011641;0.0000004988;0.3320033257;0.0019950115;0.0000000000;0.0000000000;0.0000004988;NONE
MaximalCliqueProblem;104-Maximal_Clique-3200-0.asp;1.9981290915;0.0037394798;1.9943896117;0.0018714906;0.9981285094;0.6662504551;0.0000001950;0.3325013002;0.0012480497;0.0000000000;0.0000000000;0.0000001950;NONE
MaximalCliqueProblem;62-Maximal_Clique-2200-0.asp;1.9972813741;0.0054323134;1.9918490607;0.0027198538;0.9972801462;0.6660615683;0.0000004123;0.3321239612;0.0018140582;0.0000000000;0.0000000000;0.0000004123;NONE
MaximalCliqueProblem;71-Maximal_Clique-2400-0.asp;1.9975072670;0.0049813149;1.9925259521;0.0024937656;0.9975062344;0.6661120353;0.0000003465;0.3322244171;0.0016632011;0.0000000000;0.0000000000;0.0000003465;idlv+wasp
MaximalCliqueProblem;11-Maximal_Clique-900-0.asp;1.9933847203;0.0132012233;1.9801834970;0.0066225166;0.9933774834;0.6651917368;0.0000024555;0.3303859291;0.0044198786;0.0000000000;0.0000000000;0.0000024555;idlv+wasp
MaximalCliqueProblem;16-Maximal_Clique-1000-0.asp;1.9940416726;0.0118928690;1.9821488036;0.0059642029;0.9940357971;0.6653379794;0.0000019900;0.3306799389;0.0039800916;0.0000000000;0.0000000000;0.0000019900;idlv+wasp
MaximalCliqueProblem;111-Maximal_Clique-3400-0.asp;1.9982389190;0.0035200914;1.9947188275;0.0017615969;0.9982384031;0.6662749130;0.0000001728;0.3325501715;0.0011747428;0.0000000000;0.0000000000;0.0000001728;NONE
MaximalCliqueProblem;24-Maximal_Clique-1200-0.asp;1.9950289701;0.0099255173;1.9851034528;0.0049751244;0.9950248756;0.6655592454;0.0000013831;0.3311198740;0.0033194975;0.0000000000;0.0000000000;0.0000013831;idlv+wasp
MaximalCliqueProblem;77-Maximal_Clique-2600-0.asp;1.9976985020;0.0045994580;1.9930990440;0.0023023784;0.9976976216;0.6661545353;0.0000002953;0.3323096612;0.0015355082;0.0000000000;0.0000000000;0.0000002953;idlv+wasp
MaximalCliqueProblem;13-Maximal_Clique-1000-0.asp;1.9940416726;0.0118928690;1.9821488036;0.0059642029;0.9940357971;0.6653379794;0.0000019900;0.3306799389;0.0039800916;0.0000000000;0.0000000000;0.0000019900;idlv+wasp
MaximalCliqueProblem;113-Maximal_Clique-3500-0.asp;1.9982891352;0.0034197755;1.9948693597;0.0017113517;0.9982886483;0.6662860948;0.0000001630;0.3325725156;0.0011412266;0.0000000000;0.0000000000;0.0000001630;NONE
MaximalCliqueProblem;21-Maximal_Clique-1200-0.asp;1.9950289701;0.0099255173;1.9851034528;0.0049751244;0.9950248756;0.6655592454;0.0000013831;0.3311198740;0.0033194975;0.0000000000;0.0000000000;0.0000013831;idlv+wasp
MaximalCliqueProblem;28-Maximal_Clique-1300-0.asp;1.9954093182;0.0091672602;1.9862420580;0.0045941753;0.9954058247;0.6656437776;0.0000011789;0.3312899130;0.0030651305;0.0000000000;0.0000000000;0.0000011789;idlv+wasp
MaximalCliqueProblem;46-Maximal_Clique-1800-0.asp;1.9966795713;0.0066334869;1.9900460843;0.0033222591;0.9966777409;0.6659275679;0.0000006156;0.3318557514;0.0022160651;0.0000000000;0.0000000000;0.0000006156;NONE
MaximalCliqueProblem;76-Maximal_Clique-2500-0.asp;1.9976066989;0.0047827759;1.9928239231;0.0023942530;0.9976057470;0.6661340787;0.0000003194;0.3322687961;0.0015968059;0.0000000000;0.0000000000;0.0000003194;NONE
MaximalCliqueProblem;61-Maximal_Clique-2200-0.asp;1.9972813741;0.0054323134;1.9918490607;0.0027198538;0.9972801462;0.6660615683;0.0000004123;0.3321239612;0.0018140582;0.0000000000;0.0000000000;0.0000004123;NONE
MaximalCliqueProblem;127-Maximal_Clique-3800-0.asp;1.9984239552;0.0031504314;1.9952735238;0.0015764580;0.9984235420;0.6663161123;0.0000001383;0.3326325012;0.0010512482;0.0000000000;0.0000000000;0.0000001383;NONE
MaximalCliqueProblem;70-Maximal_Clique-2400-0.asp;1.9975072670;0.0049813149;1.9925259521;0.0024937656;0.9975062344;0.6661120353;0.0000003465;0.3322244171;0.0016632011;0.0000000000;0.0000000000;0.0000003465;NONE
MaximalCliqueProblem;4-Maximal_Clique-700-0.asp;1.9915133345;0.0169249740;1.9745883605;0.0084985492;0.9915014508;0.6647713687;0.0000040527;0.3295508428;0.0056737359;0.0000000000;0.0000000000;0.0000040527;idlv+wasp
MaximalCliqueProblem;37-Maximal_Clique-1600-0.asp;1.9962663261;0.0074580253;1.9888083008;0.0037359871;0.9962640129;0.6658351512;0.0000007788;0.3316718601;0.0024922099;0.0000000000;0.0000000000;0.0000007788;NONE
MaximalCliqueProblem;34-Maximal_Clique-1500-0.asp;1.9960185659;0.0079522652;1.9880663007;0.0039840637;0.9960159363;0.6657801411;0.0000008859;0.3315611681;0.0026578050;0.0000000000;0.0000000000;0.0000008859;idlv+wasp
MaximalCliqueProblem;2-Maximal_Clique-700-0.asp;1.9915133345;0.0169249740;1.9745883605;0.0084985492;0.9915014508;0.6647713687;0.0000040527;0.3295508428;0.0056737359;0.0000000000;0.0000000000;0.0000040527;idlv+wasp
MaximalCliqueProblem;49-Maximal_Clique-1900-0.asp;1.9968536917;0.0062859998;1.9905676919;0.0031479521;0.9968520479;0.6659662020;0.0000005526;0.3319335091;0.0020997364;0.0000000000;0.0000000000;0.0000005526;NONE
MaximalCliqueProblem;51-Maximal_Clique-1900-0.asp;1.9968536917;0.0062859998;1.9905676919;0.0031479521;0.9968520479;0.6659662020;0.0000005526;0.3319335091;0.0020997364;0.0000000000;0.0000000000;0.0000005526;idlv+wasp
MaximalCliqueProblem;84-Maximal_Clique-2700-0.asp;1.9977835218;0.0044296752;1.9933538466;0.0022172949;0.9977827051;0.6661735699;0.0000002738;0.3323474136;0.0014787427;0.0000000000;0.0000000000;0.0000002738;NONE
MaximalCliqueProblem;48-Maximal_Clique-1800-0.asp;1.9966795713;0.0066334869;1.9900460843;0.0033222591;0.9966777409;0.6659275679;0.0000006156;0.3318557514;0.0022160651;0.0000000000;0.0000000000;0.0000006156;NONE
MaximalCliqueProblem;22-Maximal_Clique-1200-0.asp;1.9950289701;0.0099255173;1.9851034528;0.0049751244;0.9950248756;0.6655592454;0.0000013831;0.3311198740;0.0033194975;0.0000000000;0.0000000000;0.0000013831;idlv+wasp
MaximalCliqueProblem;44-Maximal_Clique-1700-0.asp;1.9964850543;0.0070216308;1.9894634235;0.0035169964;0.9964830036;0.6658839635;0.0000006900;0.3317693070;0.0023460394;0.0000000000;0.0000000000;0.0000006900;idlv+wasp
MaximalCliqueProblem;58-Maximal_Clique-2100-0.asp;1.9971523442;0.0056898927;1.9914624514;0.0028490028;0.9971509972;0.6660329528;0.0000004524;0.3320663581;0.0019002367;0.0000000000;0.0000000000;0.0000004524;NONE
MaximalCliqueProblem;78-Maximal_Clique-2600-0.asp;1.9976985020;0.0045994580;1.9930990440;0.0023023784;0.9976976216;0.6661545353;0.0000002953;0.3323096612;0.0015355082;0.0000000000;0.0000000000;0.0000002953;NONE
MaximalCliqueProblem;38-Maximal_Clique-1600-0.asp;1.9962663261;0.0074580253;1.9888083008;0.0037359871;0.9962640129;0.6658351512;0.0000007788;0.3316718601;0.0024922099;0.0000000000;0.0000000000;0.0000007788;idlv+wasp
MaximalCliqueProblem;116-Maximal_Clique-3500-0.asp;1.9982891352;0.0034197755;1.9948693597;0.0017113517;0.9982886483;0.6662860948;0.0000001630;0.3325725156;0.0011412266;0.0000000000;0.0000000000;0.0000001630;NONE
MaximalCliqueProblem;109-Maximal_Clique-3400-0.asp;1.9982389190;0.0035200914;1.9947188275;0.0017615969;0.9982384031;0.6662749130;0.0000001728;0.3325501715;0.0011747428;0.0000000000;0.0000000000;0.0000001728;NONE
MaximalCliqueProblem;83-Maximal_Clique-2700-0.asp;1.9977835218;0.0044296752;1.9933538466;0.0022172949;0.9977827051;0.6661735699;0.0000002738;0.3323474136;0.0014787427;0.0000000000;0.0000000000;0.0000002738;idlv+wasp
MaximalCliqueProblem;12-Maximal_Clique-900-0.asp;1.9933847203;0.0132012233;1.9801834970;0.0066225166;0.9933774834;0.6651917368;0.0000024555;0.3303859291;0.0044198786;0.0000000000;0.0000000000;0.0000024555;idlv+wasp
MaximalCliqueProblem;132-Maximal_Clique-3900-0.asp;1.9984642940;0.0030698376;1.9953944564;0.0015360983;0.9984639017;0.6663251366;0.0000001313;0.3326504045;0.0010243277;0.0000000000;0.0000000000;0.0000001313;NONE
MaximalCliqueProblem;19-Maximal_Clique-1100-0.asp;1.9945799191;0.0108204881;1.9837594310;0.0054249459;0.9945750541;0.6654583867;0.0000016454;0.3309200643;0.0036199035;0.0000000000;0.0000000000;0.0000016454;idlv+wasp
MaximalCliqueProblem;39-Maximal_Clique-1600-0.asp;1.9962663261;0.0074580253;1.9888083008;0.0037359871;0.9962640129;0.6658351512;0.0000007788;0.3316718601;0.0024922099;0.0000000000;0.0000000000;0.0000007788;idlv+wasp
MaximalCliqueProblem;129-Maximal_Clique-3900-0.asp;1.9984642940;0.0030698376;1.9953944564;0.0015360983;0.9984639017;0.6663251366;0.0000001313;0.3326504045;0.0010243277;0.0000000000;0.0000000000;0.0000001313;NONE
MaximalCliqueProblem;68-Maximal_Clique-2300-0.asp;1.9973992168;0.0051970472;1.9922021697;0.0026019071;0.9973980929;0.6660878370;0.0000003773;0.3321764285;0.0017353573;0.0000000000;0.0000000000;0.0000003773;NONE
MaximalCliqueProblem;134-Maximal_Clique-4000-0.asp;1.9985026199;0.0029932637;1.9955093562;0.0014977532;0.9985022468;0.6663336247;0.0000001248;0.3326674990;0.0009987514;0.0000000000;0.0000000000;0.0000001248;NONE
MaximalCliqueProblem;57-Maximal_Clique-2100-0.asp;1.9971523442;0.0056898927;1.9914624514;0.0028490028;0.9971509972;0.6660329528;0.0000004524;0.3320663581;0.0019002367;0.0000000000;0.0000000000;0.0000004524;idlv+wasp
MaximalCliqueProblem;105-Maximal_Clique-3300-0.asp;1.9981856654;0.0036264713;1.9945591942;0.0018148820;0.9981851180;0.6662631153;0.0000001834;0.3325264141;0.0012102872;0.0000000000;0.0000000000;0.0000001834;NONE
MaximalCliqueProblem;55-Maximal_Clique-2000-0.asp;1.9970104589;0.0059731091;1.9910373499;0.0029910254;0.9970089746;0.6660011641;0.0000004988;0.3320033257;0.0019950115;0.0000000000;0.0000000000;0.0000004988;NONE
MaximalCliqueProblem;122-Maximal_Clique-3700-0.asp;1.9983814398;0.0032353715;1.9951460683;0.0016189960;0.9983810040;0.6663066468;0.0000001459;0.3326135854;0.0010796220;0.0000000000;0.0000000000;0.0000001459;NONE
MaximalCliqueProblem;120-Maximal_Clique-3600-0.asp;1.9983365668;0.0033250192;1.9950115475;0.0016638935;0.9983361065;0.6662967073;0.0000001541;0.3325935687;0.0011095699;0.0000000000;0.0000000000;0.0000001541;NONE
MaximalCliqueProblem;5-Maximal_Clique-800-0.asp;1.9925649868;0.0148329440;1.9777320429;0.0074441456;0.9925558544;0.6650072515;0.0000031056;0.3300207142;0.0049689287;0.0000000000;0.0000000000;0.0000031056;idlv+wasp
MaximalCliqueProblem;65-Maximal_Clique-2300-0.asp;1.9973992168;0.0051970472;1.9922021697;0.0026019071;0.9973980929;0.6660878370;0.0000003773;0.3321764285;0.0017353573;0.0000000000;0.0000000000;0.0000003773;NONE
MaximalCliqueProblem;74-Maximal_Clique-2500-0.asp;1.9976066989;0.0047827759;1.9928239231;0.0023942530;0.9976057470;0.6661340787;0.0000003194;0.3322687961;0.0015968059;0.0000000000;0.0000000000;0.0000003194;NONE
MaximalCliqueProblem;130-Maximal_Clique-3900-0.asp;1.9984642940;0.0030698376;1.9953944564;0.0015360983;0.9984639017;0.6663251366;0.0000001313;0.3326504045;0.0010243277;0.0000000000;0.0000000000;0.0000001313;NONE
MaximalCliqueProblem;101-Maximal_Clique-3200-0.asp;1.9981290915;0.0037394798;1.9943896117;0.0018714906;0.9981285094;0.6662504551;0.0000001950;0.3325013002;0.0012480497;0.0000000000;0.0000000000;0.0000001950;NONE
MaximalCliqueProblem;32-Maximal_Clique-1400-0.asp;1.9957355947;0.0085166440;1.9872189507;0.0042674210;0.9957325790;0.6657166592;0.0000010168;0.3314353519;0.0028469722;0.0000000000;0.0000000000;0.0000010168;NONE
MaximalCliqueProblem;136-Maximal_Clique-4000-0.asp;1.9985026199;0.0029932637;1.9955093562;0.0014977532;0.9985022468;0.6663336247;0.0000001248;0.3326674990;0.0009987514;0.0000000000;0.0000000000;0.0000001248;NONE
MaximalCliqueProblem;131-Maximal_Clique-3900-0.asp;1.9984642940;0.0030698376;1.9953944564;0.0015360983;0.9984639017;0.6663251366;0.0000001313;0.3326504045;0.0010243277;0.0000000000;0.0000000000;0.0000001313;NONE
MaximalCliqueProblem;128-Maximal_Clique-3800-0.asp;1.9984239552;0.0031504314;1.9952735238;0.0015764580;0.9984235420;0.6663161123;0.0000001383;0.3326325012;0.0010512482;0.0000000000;0.0000000000;0.0000001383;NONE
MaximalCliqueProblem;41-Maximal_Clique-1700-0.asp;1.9964850543;0.0070216308;1.9894634235;0.0035169964;0.9964830036;0.6658839635;0.0000006900;0.3317693070;0.0023460394;0.0000000000;0.0000000000;0.0000006900;NONE
MaximalCliqueProblem;92-Maximal_Clique-2900-0.asp;1.9979360150;0.0041251250;1.9938108900;0.0020646932;0.9979353068;0.6662074506;0.0000002374;0.3324153760;0.0013769360;0.0000000000;0.0000000000;0.0000002374;NONE
MaximalCliqueProblem;85-Maximal_Clique-2800-0.asp;1.9978624850;0.0042719786;1.9935905064;0.0021382746;0.9978617254;0.6661910705;0.0000002546;0.3323826503;0.0014260246;0.0000000000;0.0000000000;0.0000002546;NONE
MaximalCliqueProblem;3-Maximal_Clique-700-0.asp;1.9915133345;0.0169249740;1.9745883605;0.0084985492;0.9915014508;0.6647713687;0.0000040527;0.3295508428;0.0056737359;0.0000000000;0.0000000000;0.0000040527;idlv+wasp
MaximalCliqueProblem;133-Maximal_Clique-4000-0.asp;1.9985026199;0.0029932637;1.9955093562;0.0014977532;0.9985022468;0.6663336247;0.0000001248;0.3326674990;0.0009987514;0.0000000000;0.0000000000;0.0000001248;NONE
MaximalCliqueProblem;89-Maximal_Clique-2900-0.asp;1.9979360150;0.0041251250;1.9938108900;0.0020646932;0.9979353068;0.6662074506;0.0000002374;0.3324153760;0.0013769360;0.0000000000;0.0000000000;0.0000002374;NONE
MaximalCliqueProblem;88-Maximal_Clique-2800-0.asp;1.9978624850;0.0042719786;1.9935905064;0.0021382746;0.9978617254;0.6661910705;0.0000002546;0.3323826503;0.0014260246;0.0000000000;0.0000000000;0.0000002546;NONE
MaximalCliqueProblem;27-Maximal_Clique-1300-0.asp;1.9954093182;0.0091672602;1.9862420580;0.0045941753;0.9954058247;0.6656437776;0.0000011789;0.3312899130;0.0030651305;0.0000000000;0.0000000000;0.0000011789;idlv+wasp
MaximalCliqueProblem;7-Maximal_Clique-800-0.asp;1.9925649868;0.0148329440;1.9777320429;0.0074441456;0.9925558544;0.6650072515;0.0000031056;0.3300207142;0.0049689287;0.0000000000;0.0000000000;0.0000031056;idlv+wasp
MaximalCliqueProblem;64-Maximal_Clique-2200-0.asp;1.9972813741;0.0054323134;1.9918490607;0.0027198538;0.9972801462;0.6660615683;0.0000004123;0.3321239612;0.0018140582;0.0000000000;0.0000000000;0.0000004123;NONE
MaximalCliqueProblem;81-Maximal_Clique-2700-0.asp;1.9977835218;0.0044296752;1.9933538466;0.0022172949;0.9977827051;0.6661735699;0.0000002738;0.3323474136;0.0014787427;0.0000000000;0.0000000000;0.0000002738;NONE
MaximalCliqueProblem;119-Maximal_Clique-3600-0.asp;1.9983365668;0.0033250192;1.9950115475;0.0016638935;0.9983361065;0.6662967073;0.0000001541;0.3325935687;0.0011095699;0.0000000000;0.0000000000;0.0000001541;NONE
MaximalCliqueProblem;75-Maximal_Clique-2500-0.asp;1.9976066989;0.0047827759;1.9928239231;0.0023942530;0.9976057470;0.6661340787;0.0000003194;0.3322687961;0.0015968059;0.0000000000;0.0000000000;0.0000003194;NONE
MaximalCliqueProblem;124-Maximal_Clique-3700-0.asp;1.9983814398;0.0032353715;1.9951460683;0.0016189960;0.9983810040;0.6663066468;0.0000001459;0.3326135854;0.0010796220;0.0000000000;0.0000000000;0.0000001459;NONE
MaximalCliqueProblem;33-Maximal_Clique-1500-0.asp;1.9960185659;0.0079522652;1.9880663007;0.0039840637;0.9960159363;0.6657801411;0.0000008859;0.3315611681;0.0026578050;0.0000000000;0.0000000000;0.0000008859;idlv+wasp
MaximalCliqueProblem;20-Maximal_Clique-1100-0.asp;1.9945799191;0.0108204881;1.9837594310;0.0054249459;0.9945750541;0.6654583867;0.0000016454;0.3309200643;0.0036199035;0.0000000000;0.0000000000;0.0000016454;idlv+wasp
MaximalCliqueProblem;60-Maximal_Clique-2100-0.asp;1.9971523442;0.0056898927;1.9914624514;0.0028490028;0.9971509972;0.6660329528;0.0000004524;0.3320663581;0.0019002367;0.0000000000;0.0000000000;0.0000004524;NONE
MaximalCliqueProblem;30-Maximal_Clique-1400-0.asp;1.9957355947;0.0085166440;1.9872189507;0.0042674210;0.9957325790;0.6657166592;0.0000010168;0.3314353519;0.0028469722;0.0000000000;0.0000000000;0.0000010168;idlv+wasp
Labyrinth;0045-labyrinth-11-0.asp;1.9703166935;0.1400697799;1.8302469136;0.0710899828;0.9289100172;0.0323083316;0.0000000000;0.0000259713;0.9676656971;0.0000000000;0.0000000000;0.0000259713;idlv+clasp-handy
Labyrinth;0168-labyrinth-15-0.asp;1.9792652541;0.1327622506;1.8465030035;0.0670765327;0.9329234673;0.0228190706;0.0000000000;0.0000094372;0.9771714922;0.0000000000;0.0000000000;0.0000094372;idlv+clasp-handy
Labyrinth;0191-labyrinth-18-0.asp;1.9824371878;0.1292770582;1.8531601296;0.0652111749;0.9347888251;0.0190846903;0.0000000000;0.0000052459;0.9809100638;0.0000000000;0.0000000000;0.0000052459;idlv+clasp-jumpy
Labyrinth;0056-labyrinth-19-0.asp;1.9842346099;0.1286973379;1.8555372721;0.0648599401;0.9351400599;0.0176527119;0.0000000000;0.0000044287;0.9823428594;0.0000000000;0.0000000000;0.0000044287;idlv+clasp
Labyrinth;0188-labyrinth-18-0.asp;1.9836189435;0.1295319851;1.8540869584;0.0653008409;0.9346991591;0.0185954542;0.0000000000;0.0000052589;0.9813992869;0.0000000000;0.0000000000;0.0000052589;idlv+clasp-crafty
Labyrinth;0118-labyrinth-16-0.asp;1.9808652116;0.1314167253;1.8494484863;0.0663430932;0.9336569068;0.0212847408;0.0000000000;0.0000076564;0.9787076028;0.0000000000;0.0000000000;0.0000076564;idlv+clasp-crafty
Labyrinth;0149-labyrinth-18-0.asp;1.9829165953;0.1293725381;1.8535440572;0.0652435601;0.9347564399;0.0188924945;0.0000000000;0.0000052508;0.9811022547;0.0000000000;0.0000000000;0.0000052508;idlv+clasp-frumpy
Labyrinth;0114-labyrinth-16-0.asp;1.9808637146;0.1314270067;1.8494367079;0.0663483337;0.9336516663;0.0213163456;0.0000000000;0.0000076567;0.9786759977;0.0000000000;0.0000000000;0.0000076567;idlv+clasp-jumpy
Labyrinth;0157-labyrinth-13-0.asp;1.9754504851;0.1356383798;1.8398121053;0.0686619993;0.9313380007;0.0268285372;0.0000000000;0.0000149880;0.9731564748;0.0000000000;0.0000000000;0.0000149880;idlv+clasp-jumpy
Labyrinth;0034-labyrinth-16-0.asp;1.9807186678;0.1314558032;1.8492628647;0.0663677307;0.9336322693;0.0213209166;0.0000000000;0.0000076584;0.9786714251;0.0000000000;0.0000000000;0.0000076584;idlv+clasp-tweety
Labyrinth;0117-labyrinth-23-0.asp;1.9872168874;0.1262987269;1.8609181605;0.0635555825;0.9364444175;0.0143572686;0.0000000000;0.0000024244;0.9856403070;0.0000000000;0.0000000000;0.0000024244;idlv+clasp-tweety
Labyrinth;0232-labyrinth-22-0.asp;1.9866768942;0.1268426475;1.8598342466;0.0638466415;0.9361533585;0.0150215789;0.0000000000;0.0000027880;0.9849756331;0.0000000000;0.0000000000;0.0000027880;idlv+clasp
Labyrinth;0208-labyrinth-20-0.asp;1.9845874367;0.1278860312;1.8567014055;0.0644396053;0.9355603947;0.0169188834;0.0000000000;0.0000037598;0.9830773569;0.0000000000;0.0000000000;0.0000037598;idlv+clasp-crafty
Labyrinth;0144-labyrinth-19-0.asp;1.9842571172;0.1287344815;1.8555226357;0.0648779235;0.9351220765;0.0176229018;0.0000000000;0.0000044301;0.9823726681;0.0000000000;0.0000000000;0.0000044301;idlv+clasp-crafty
Labyrinth;0142-labyrinth-17-0.asp;1.9824321535;0.1306302239;1.8518019296;0.0658939191;0.9341060809;0.0197372580;0.0000000000;0.0000063220;0.9802564200;0.0000000000;0.0000000000;0.0000063220;idlv+clasp
Labyrinth;0183-labyrinth-17-0.asp;1.9816953515;0.1303200901;1.8513752614;0.0657619194;0.9342380806;0.0200992352;0.0000000000;0.0000063047;0.9798944601;0.0000000000;0.0000000000;0.0000063047;idlv+clasp-jumpy
Labyrinth;0153-labyrinth-20-0.asp;1.9846831235;0.1279173409;1.8567657826;0.0644522742;0.9355477258;0.0168785892;0.0000000000;0.0000037608;0.9831176499;0.0000000000;0.0000000000;0.0000037608;idlv+clasp-jumpy
Labyrinth;0189-labyrinth-18-0.asp;1.9833144721;0.1296493947;1.8536650773;0.0653700644;0.9346299356;0.0186326577;0.0000000000;0.0000052635;0.9813620789;0.0000000000;0.0000000000;0.0000052635;idlv+clasp
Labyrinth;0058-labyrinth-11-0.asp;1.9706997124;0.1402919276;1.8304077847;0.0711888913;0.9288111087;0.0320557854;0.0000000000;0.0000260193;0.9679181953;0.0000000000;0.0000000000;0.0000260193;idlv+clasp-trendy
Labyrinth;0245-labyrinth-23-0.asp;1.9869328128;0.1262391086;1.8606937041;0.0635346640;0.9364653360;0.0144747745;0.0000000000;0.0000024230;0.9855228025;0.0000000000;0.0000000000;0.0000024230;idlv+clasp-jumpy
Labyrinth;0067-labyrinth-18-0.asp;1.9830163516;0.1294688526;1.8535474990;0.0652888477;0.9347111523;0.0188134890;0.0000000000;0.0000052552;0.9811812559;0.0000000000;0.0000000000;0.0000052552;idlv+clasp-frumpy
Labyrinth;0092-labyrinth-17-0.asp;1.9820975000;0.1305780116;1.8515194884;0.0658787025;0.9341212975;0.0198410191;0.0000000000;0.0000063188;0.9801526621;0.0000000000;0.0000000000;0.0000063188;idlv+clasp-tweety
Labyrinth;0053-labyrinth-23-0.asp;1.9871547627;0.1263049403;1.8608498224;0.0635606963;0.9364393037;0.0143723028;0.0000000000;0.0000024245;0.9856252728;0.0000000000;0.0000000000;0.0000024245;idlv+clasp-crafty
Labyrinth;0197-labyrinth-19-0.asp;1.9845813686;0.1288134828;1.8557678857;0.0649071310;0.9350928690;0.0174941590;0.0000000000;0.0000044334;0.9825014076;0.0000000000;0.0000000000;0.0000044334;idlv+clasp-tweety
Labyrinth;0230-labyrinth-22-0.asp;1.9868335754;0.1268602423;1.8599733331;0.0638504623;0.9361495377;0.0149686990;0.0000000000;0.0000027885;0.9850285125;0.0000000000;0.0000000000;0.0000027885;idlv+clasp-jumpy
Labyrinth;0160-labyrinth-14-0.asp;1.9761386460;0.1335105295;1.8426281165;0.0675613170;0.9324386830;0.0253431643;0.0000000000;0.0000117221;0.9746451136;0.0000000000;0.0000000000;0.0000117221;idlv+clasp-jumpy
Labyrinth;0174-labyrinth-15-0.asp;1.9791254309;0.1327302044;1.8463952265;0.0670650795;0.9329349205;0.0228690033;0.0000000000;0.0000094344;0.9771215623;0.0000000000;0.0000000000;0.0000094344;idlv+clasp-jumpy
Labyrinth;0210-labyrinth-20-0.asp;1.9848531827;0.1279996019;1.8568535808;0.0644881964;0.9355118036;0.0167782583;0.0000000000;0.0000037636;0.9832179781;0.0000000000;0.0000000000;0.0000037636;NONE
Labyrinth;0235-labyrinth-22-0.asp;1.9866307513;0.1267970675;1.8598336837;0.0638251811;0.9361748189;0.0150492025;0.0000000000;0.0000027869;0.9849480106;0.0000000000;0.0000000000;0.0000027869;idlv+clasp-crafty
Labyrinth;0121-labyrinth-23-0.asp;1.9869569920;0.1262192484;1.8607377436;0.0635238955;0.9364761045;0.0144773053;0.0000000000;0.0000024226;0.9855202721;0.0000000000;0.0000000000;0.0000024226;idlv+clasp-trendy
Labyrinth;0055-labyrinth-15-0.asp;1.9785138765;0.1323341131;1.8461797634;0.0668856128;0.9331143872;0.0232433500;0.0000000000;0.0000094026;0.9767472474;0.0000000000;0.0000000000;0.0000094026;idlv+clasp-tweety
Labyrinth;0015-labyrinth-11-0.asp;1.9713311680;0.1400960996;1.8312350683;0.0710667502;0.9289332498;0.0320124724;0.0000000000;0.0000259841;0.9679615435;0.0000000000;0.0000000000;0.0000259841;idlv+clasp-frumpy
Labyrinth;0071-labyrinth-22-0.asp;1.9862417862;0.1266530064;1.8595887798;0.0637651505;0.9362348495;0.0152571478;0.0000000000;0.0000027831;0.9847400691;0.0000000000;0.0000000000;0.0000027831;idlv+clasp-frumpy
Labyrinth;0065-labyrinth-12-0.asp;1.9751355055;0.1382860827;1.8368494227;0.0700134661;0.9299865339;0.0284254419;0.0000000000;0.0000195768;0.9715549813;0.0000000000;0.0000000000;0.0000195768;idlv+clasp-tweety
Labyrinth;0096-labyrinth-16-0.asp;1.9800998523;0.1312534671;1.8488463852;0.0662862870;0.9337137130;0.0216030272;0.0000000000;0.0000076444;0.9783893284;0.0000000000;0.0000000000;0.0000076444;idlv+clasp-crafty
Labyrinth;0008-labyrinth-11-0.asp;1.9710024633;0.1397397451;1.8312627182;0.0708978034;0.9291021966;0.0321845038;0.0000000000;0.0000259134;0.9677895828;0.0000000000;0.0000000000;0.0000259134;idlv+clasp
Labyrinth;0085-labyrinth-13-0.asp;1.9749857699;0.1354860545;1.8394997154;0.0686010282;0.9313989718;0.0270322861;0.0000000000;0.0000149680;0.9729527459;0.0000000000;0.0000000000;0.0000149680;idlv+clasp-tweety
Labyrinth;0180-labyrinth-17-0.asp;1.9819881294;0.1303897207;1.8515984087;0.0657873369;0.9342126631;0.0199737553;0.0000000000;0.0000063088;0.9800199359;0.0000000000;0.0000000000;0.0000063088;idlv+clasp-jumpy
Labyrinth;0006-labyrinth-11-0.asp;1.9692850084;0.1393926444;1.8298923640;0.0707833776;0.9292166224;0.0328571798;0.0000000000;0.0000258311;0.9671169891;0.0000000000;0.0000000000;0.0000258311;idlv+clasp-tweety
Labyrinth;0072-labyrinth-23-0.asp;1.9862624418;0.1260061448;1.8602562970;0.0634388197;0.9365611803;0.0148153879;0.0000000000;0.0000024177;0.9851821945;0.0000000000;0.0000000000;0.0000024177;idlv+clasp-crafty
Labyrinth;0090-labyrinth-16-0.asp;1.9805511676;0.1313715063;1.8491796612;0.0663307813;0.9336692187;0.0214123913;0.0000000000;0.0000076527;0.9785799559;0.0000000000;0.0000000000;0.0000076527;idlv+clasp-tweety
Labyrinth;0026-labyrinth-14-0.asp;1.9779586013;0.1342191807;1.8437394206;0.0678574267;0.9321425733;0.0244857520;0.0000000000;0.0000117947;0.9755024533;0.0000000000;0.0000000000;0.0000117947;idlv+clasp-jumpy
Labyrinth;0014-labyrinth-23-0.asp;1.9869390785;0.1262260746;1.8607130039;0.0635279038;0.9364720962;0.0144828522;0.0000000000;0.0000024227;0.9855147251;0.0000000000;0.0000000000;0.0000024227;idlv+clasp-frumpy
Labyrinth;0135-labyrinth-21-0.asp;1.9854766686;0.1272437777;1.8582328909;0.0640872692;0.9359127308;0.0160407983;0.0000000000;0.0000032236;0.9839559781;0.0000000000;0.0000000000;0.0000032236;idlv+clasp-jumpy
Labyrinth;0239-labyrinth-22-0.asp;1.9860835889;0.1266780682;1.8594055208;0.0637828482;0.9362171518;0.0152875320;0.0000000000;0.0000027836;0.9847096844;0.0000000000;0.0000000000;0.0000027836;idlv+clasp-crafty
Labyrinth;0206-labyrinth-20-0.asp;1.9845859113;0.1278669593;1.8567189519;0.0644300449;0.9355699551;0.0169237941;0.0000000000;0.0000037592;0.9830724468;0.0000000000;0.0000000000;0.0000037592;NONE
Labyrinth;0064-labyrinth-13-0.asp;1.9763265180;0.1360028414;1.8403236766;0.0688159776;0.9311840224;0.0264012509;0.0000000000;0.0000150349;0.9735837142;0.0000000000;0.0000000000;0.0000150349;idlv+clasp-handy
Labyrinth;0020-labyrinth-12-0.asp;1.9720099751;0.1369177057;1.8350922693;0.0694305341;0.9305694659;0.0299200712;0.0000000000;0.0000193532;0.9700605756;0.0000000000;0.0000000000;0.0000193532;idlv+clasp-tweety
Labyrinth;0233-labyrinth-22-0.asp;1.9863454406;0.1266877375;1.8596577031;0.0637793079;0.9362206921;0.0152064367;0.0000000000;0.0000027840;0.9847907793;0.0000000000;0.0000000000;0.0000027840;idlv+clasp-crafty
Labyrinth;0207-labyrinth-20-0.asp;1.9848959589;0.1279290860;1.8569668729;0.0644512804;0.9355487196;0.0168061537;0.0000000000;0.0000037614;0.9831900848;0.0000000000;0.0000000000;0.0000037614;idlv+clasp-crafty
Labyrinth;0077-labyrinth-21-0.asp;1.9855080063;0.1272850616;1.8582229447;0.0641070503;0.9358929497;0.0160014963;0.0000000000;0.0000032248;0.9839952789;0.0000000000;0.0000000000;0.0000032248;idlv+clasp-frumpy
Labyrinth;0101-labyrinth-19-0.asp;1.9843504630;0.1288198769;1.8555305861;0.0649179060;0.9350820940;0.0175559930;0.0000000000;0.0000044333;0.9824395737;0.0000000000;0.0000000000;0.0000044333;idlv+clasp-crafty
Labyrinth;0033-labyrinth-13-0.asp;1.9754176538;0.1354798019;1.8399378519;0.0685828648;0.9314171352;0.0269145560;0.0000000000;0.0000149692;0.9730704748;0.0000000000;0.0000000000;0.0000149692;idlv+clasp-frumpy
Labyrinth;0074-labyrinth-18-0.asp;1.9827936035;0.1294120166;1.8533815869;0.0652675177;0.9347324823;0.0188981506;0.0000000000;0.0000052524;0.9810965970;0.0000000000;0.0000000000;0.0000052524;idlv+clasp-handy
Labyrinth;0190-labyrinth-18-0.asp;1.9830009527;0.1293822324;1.8536187204;0.0652456733;0.9347543267;0.0188526656;0.0000000000;0.0000052514;0.9811420829;0.0000000000;0.0000000000;0.0000052514;idlv+clasp-jumpy
Labyrinth;0146-labyrinth-20-0.asp;1.9852379458;0.1279824555;1.8572554903;0.0644670609;0.9355329391;0.0166724374;0.0000000000;0.0000037635;0.9833237991;0.0000000000;0.0000000000;0.0000037635;idlv+clasp-jumpy
Labyrinth;0221-labyrinth-21-0.asp;1.9853275578;0.1272583700;1.8580691879;0.0640994326;0.9359005674;0.0160743301;0.0000000000;0.0000032239;0.9839224460;0.0000000000;0.0000000000;0.0000032239;idlv+clasp-tweety
Labyrinth;0041-labyrinth-11-0.asp;1.9704229518;0.1403296496;1.8300933021;0.0712180344;0.9287819656;0.0321648841;0.0000000000;0.0000260234;0.9678090926;0.0000000000;0.0000000000;0.0000260234;idlv+clasp-tweety
Labyrinth;0165-labyrinth-13-0.asp;1.9759561999;0.1358266502;1.8401295497;0.0687397070;0.9312602930;0.0266018135;0.0000000000;0.0000150123;0.9733831742;0.0000000000;0.0000000000;0.0000150123;idlv+clasp-crafty
Labyrinth;0215-labyrinth-21-0.asp;1.9854484358;0.1272041870;1.8582442488;0.0640682400;0.9359317600;0.0160612545;0.0000000000;0.0000032226;0.9839355230;0.0000000000;0.0000000000;0.0000032226;idlv+wasp
Labyrinth;0236-labyrinth-22-0.asp;1.9862714659;0.1267181876;1.8595532783;0.0637970135;0.9362029865;0.0152045513;0.0000000000;0.0000027847;0.9847926639;0.0000000000;0.0000000000;0.0000027847;idlv+clasp-crafty
Labyrinth;0030-labyrinth-23-0.asp;1.9870739641;0.1261572254;1.8609167387;0.0634889429;0.9365110571;0.0144846122;0.0000000000;0.0000024214;0.9855129664;0.0000000000;0.0000000000;0.0000024214;NONE
Labyrinth;0037-labyrinth-16-0.asp;1.9807289059;0.1314393465;1.8492895593;0.0663590793;0.9336409207;0.0213332925;0.0000000000;0.0000076573;0.9786590502;0.0000000000;0.0000000000;0.0000076573;idlv+clasp
Labyrinth;0062-labyrinth-17-0.asp;1.9817152500;0.1304535442;1.8512617057;0.0658286019;0.9341713981;0.0200204496;0.0000000000;0.0000063116;0.9799732387;0.0000000000;0.0000000000;0.0000063116;idlv+clasp-tweety
Labyrinth;0120-labyrinth-19-0.asp;1.9840850719;0.1286306493;1.8554544226;0.0648312167;0.9351687833;0.0177393798;0.0000000000;0.0000044260;0.9822561942;0.0000000000;0.0000000000;0.0000044260;idlv+clasp-tweety
Labyrinth;0068-labyrinth-17-0.asp;1.9821691034;0.1305729610;1.8515961424;0.0658737747;0.9341262253;0.0198278804;0.0000000000;0.0000063186;0.9801658010;0.0000000000;0.0000000000;0.0000063186;idlv+clasp-frumpy
Labyrinth;0240-labyrinth-22-0.asp;1.9861941248;0.1267013486;1.8594927762;0.0637910197;0.9362089803;0.0152464320;0.0000000000;0.0000027842;0.9847507838;0.0000000000;0.0000000000;0.0000027842;idlv+clasp-jumpy
Labyrinth;0214-labyrinth-21-0.asp;1.9858479425;0.1274111642;1.8584367783;0.0641595771;0.9358404229;0.0158264834;0.0000000000;0.0000032286;0.9841702881;0.0000000000;0.0000000000;0.0000032286;idlv+clasp-jumpy
Labyrinth;0046-labyrinth-12-0.asp;1.9737569614;0.1374854762;1.8362714852;0.0696567404;0.9303432596;0.0291726633;0.0000000000;0.0000194484;0.9708078883;0.0000000000;0.0000000000;0.0000194484;idlv+clasp-trendy
Labyrinth;0217-labyrinth-21-0.asp;1.9853817355;0.1272146032;1.8581671323;0.0640756389;0.9359243611;0.0160752326;0.0000000000;0.0000032228;0.9839215446;0.0000000000;0.0000000000;0.0000032228;idlv+clasp-tweety
Labyrinth;0104-labyrinth-20-0.asp;1.9850205623;0.1280412624;1.8569792999;0.0645037461;0.9354962539;0.0167021845;0.0000000000;0.0000037651;0.9832940503;0.0000000000;0.0000000000;0.0000037651;idlv+clasp-jumpy
Labyrinth;0184-labyrinth-18-0.asp;1.9829741853;0.1295398153;1.8534343700;0.0653260220;0.9346739780;0.0187727758;0.0000000000;0.0000052585;0.9812219657;0.0000000000;0.0000000000;0.0000052585;idlv+clasp-crafty
Labyrinth;0094-labyrinth-17-0.asp;1.9819169222;0.1304854794;1.8514314428;0.0658380167;0.9341619833;0.0199510064;0.0000000000;0.0000063136;0.9800426800;0.0000000000;0.0000000000;0.0000063136;idlv+clasp-jumpy
Labyrinth;0130-labyrinth-14-0.asp;1.9787887583;0.1342451507;1.8445436076;0.0678420827;0.9321579173;0.0242371321;0.0000000000;0.0000118000;0.9757510679;0.0000000000;0.0000000000;0.0000118000;idlv+clasp-tweety
Labyrinth;0242-labyrinth-22-0.asp;1.9863699772;0.1268013729;1.8595686043;0.0638357277;0.9361642723;0.0151375393;0.0000000000;0.0000027867;0.9848596740;0.0000000000;0.0000000000;0.0000027867;idlv+clasp-jumpy
Labyrinth;0133-labyrinth-15-0.asp;1.9793038207;0.1327007356;1.8466030851;0.0670441466;0.9329558534;0.0228271738;0.0000000000;0.0000094327;0.9771633935;0.0000000000;0.0000000000;0.0000094327;idlv+clasp
Labyrinth;0229-labyrinth-22-0.asp;1.9863308213;0.1267708828;1.8595599384;0.0638216361;0.9361783639;0.0151613928;0.0000000000;0.0000027860;0.9848358212;0.0000000000;0.0000000000;0.0000027860;NONE
Labyrinth;0091-labyrinth-12-0.asp;1.9733867735;0.1375350701;1.8358517034;0.0696949387;0.9303050613;0.0292584235;0.0000000000;0.0000194537;0.9707221228;0.0000000000;0.0000000000;0.0000194537;idlv+clasp-frumpy
Labyrinth;0186-labyrinth-18-0.asp;1.9836152531;0.1295187985;1.8540964546;0.0652943147;0.9347056853;0.0186039174;0.0000000000;0.0000052583;0.9813908242;0.0000000000;0.0000000000;0.0000052583;idlv+clasp-jumpy
Labyrinth;0042-labyrinth-13-0.asp;1.9760786186;0.1356571833;1.8404214353;0.0686496894;0.9313503106;0.0266278843;0.0000000000;0.0000149932;0.9733571225;0.0000000000;0.0000000000;0.0000149932;idlv+clasp-handy
Labyrinth;0032-labyrinth-16-0.asp;1.9816093756;0.1316897268;1.8499196488;0.0664559466;0.9335440534;0.0209374256;0.0000000000;0.0000076750;0.9790548993;0.0000000000;0.0000000000;0.0000076750;idlv+clasp-jumpy
Labyrinth;0095-labyrinth-15-0.asp;1.9789896060;0.1329175731;1.8460720329;0.0671643614;0.9328356386;0.0228082276;0.0000000000;0.0000094483;0.9771823241;0.0000000000;0.0000000000;0.0000094483;idlv+clasp-jumpy
Labyrinth;0218-labyrinth-21-0.asp;1.9854320430;0.1272329399;1.8581991031;0.0640832510;0.9359167490;0.0160521404;0.0000000000;0.0000032233;0.9839446362;0.0000000000;0.0000000000;0.0000032233;NONE
Labyrinth;0035-labyrinth-14-0.asp;1.9768601226;0.1339988412;1.8428612814;0.0677836735;0.9322163265;0.0249058380;0.0000000000;0.0000117702;0.9750823917;0.0000000000;0.0000000000;0.0000117702;idlv+clasp-trendy
Labyrinth;0060-labyrinth-13-0.asp;1.9745555675;0.1353195151;1.8392360524;0.0685316318;0.9314683682;0.0272326433;0.0000000000;0.0000149466;0.9727524101;0.0000000000;0.0000000000;0.0000149466;idlv+clasp-frumpy
Labyrinth;0127-labyrinth-16-0.asp;1.9811972642;0.1316113161;1.8495859481;0.0664301927;0.9335698073;0.0211054274;0.0000000000;0.0000076691;0.9788869034;0.0000000000;0.0000000000;0.0000076691;idlv+clasp-tweety
Labyrinth;0029-labyrinth-15-0.asp;1.9790258995;0.1325050363;1.8465208633;0.0669546752;0.9330453248;0.0230151331;0.0000000000;0.0000094170;0.9769754499;0.0000000000;0.0000000000;0.0000094170;idlv+clasp-tweety
Labyrinth;0007-labyrinth-11-0.asp;1.9712907117;0.1399008176;1.8313898941;0.0709691456;0.9290308544;0.0320195127;0.0000000000;0.0000259477;0.9679545396;0.0000000000;0.0000000000;0.0000259477;idlv+clasp-crafty
Labyrinth;0011-labyrinth-12-0.asp;1.9733290424;0.1380413138;1.8352877285;0.0699535206;0.9300464794;0.0290596621;0.0000000000;0.0000195293;0.9709208085;0.0000000000;0.0000000000;0.0000195293;idlv+wasp
Labyrinth;0022-labyrinth-14-0.asp;1.9783291837;0.1341705142;1.8441586695;0.0678201157;0.9321798843;0.0243850671;0.0000000000;0.0000117916;0.9756031413;0.0000000000;0.0000000000;0.0000117916;idlv+clasp-frumpy
Labyrinth;0036-labyrinth-17-0.asp;1.9822194183;0.1303930783;1.8518263400;0.0657813545;0.9342186455;0.0199000580;0.0000000000;0.0000063095;0.9800936325;0.0000000000;0.0000000000;0.0000063095;idlv+clasp
Labyrinth;0138-labyrinth-16-0.asp;1.9806951620;0.1315093158;1.8491858463;0.0663955354;0.9336044646;0.0212994177;0.0000000000;0.0000076617;0.9786929206;0.0000000000;0.0000000000;0.0000076617;idlv+clasp-crafty
Labyrinth;0097-labyrinth-12-0.asp;1.9729459118;0.1374331658;1.8355127461;0.0696588614;0.9303411386;0.0294260559;0.0000000000;0.0000194360;0.9705545082;0.0000000000;0.0000000000;0.0000194360;idlv+clasp
Labyrinth;0012-labyrinth-23-0.asp;1.9868053201;0.1261417292;1.8606635909;0.0634897279;0.9365102721;0.0145687476;0.0000000000;0.0000024209;0.9854288315;0.0000000000;0.0000000000;0.0000024209;idlv+clasp-trendy
Labyrinth;0124-labyrinth-15-0.asp;1.9795097387;0.1326175248;1.8468922139;0.0669951363;0.9330048637;0.0228131864;0.0000000000;0.0000094269;0.9771773867;0.0000000000;0.0000000000;0.0000094269;idlv+clasp-jumpy
Labyrinth;0161-labyrinth-18-0.asp;1.9837793172;0.1297064394;1.8540728777;0.0653835022;0.9346164978;0.0184546350;0.0000000000;0.0000052667;0.9815400983;0.0000000000;0.0000000000;0.0000052667;idlv+clasp-jumpy
Labyrinth;0195-labyrinth-19-0.asp;1.9840072461;0.1286405033;1.8553667428;0.0648387265;0.9351612735;0.0177494102;0.0000000000;0.0000044263;0.9822461635;0.0000000000;0.0000000000;0.0000044263;idlv+clasp-tweety
Labyrinth;0019-labyrinth-11-0.asp;1.9691694743;0.1395529173;1.8296165570;0.0708689217;0.9291310783;0.0328436950;0.0000000000;0.0000258612;0.9671304438;0.0000000000;0.0000000000;0.0000258612;idlv+clasp-tweety
Labyrinth;0017-labyrinth-13-0.asp;1.9755507998;0.1355945251;1.8399562747;0.0686363140;0.9313636860;0.0268200956;0.0000000000;0.0000149833;0.9731649211;0.0000000000;0.0000000000;0.0000149833;idlv+clasp
Labyrinth;0080-labyrinth-19-0.asp;1.9842850061;0.1286538375;1.8556311686;0.0648363703;0.9351636297;0.0176642465;0.0000000000;0.0000044271;0.9823313264;0.0000000000;0.0000000000;0.0000044271;idlv+wasp
Labyrinth;0112-labyrinth-23-0.asp;1.9869888385;0.1261249975;1.8608638409;0.0634754434;0.9365245566;0.0145286773;0.0000000000;0.0000024206;0.9854689020;0.0000000000;0.0000000000;0.0000024206;idlv+wasp
Labyrinth;0167-labyrinth-14-0.asp;1.9783243119;0.1344255943;1.8438987176;0.0679492202;0.9320507798;0.0242689195;0.0000000000;0.0000118154;0.9757192651;0.0000000000;0.0000000000;0.0000118154;idlv+clasp-crafty
Labyrinth;0193-labyrinth-18-0.asp;1.9831434494;0.1294799484;1.8536635010;0.0652902585;0.9347097415;0.0187738155;0.0000000000;0.0000052558;0.9812209287;0.0000000000;0.0000000000;0.0000052558;idlv+clasp-trendy
Labyrinth;0082-labyrinth-14-0.asp;1.9768691420;0.1337373202;1.8431318218;0.0676510738;0.9323489262;0.0250187935;0.0000000000;0.0000117459;0.9749694606;0.0000000000;0.0000000000;0.0000117459;idlv+clasp-tweety
Labyrinth;0177-labyrinth-16-0.asp;1.9815012395;0.1317899394;1.8497113001;0.0665101474;0.9334898526;0.0208928626;0.0000000000;0.0000076812;0.9790994562;0.0000000000;0.0000000000;0.0000076812;idlv+wasp
Labyrinth;0102-labyrinth-20-0.asp;1.9855028021;0.1281786889;1.8573241132;0.0645572944;0.9354427056;0.0164825636;0.0000000000;0.0000037700;0.9835136664;0.0000000000;0.0000000000;0.0000037700;idlv+clasp-tweety
Labyrinth;0137-labyrinth-16-0.asp;1.9806020328;0.1313448006;1.8492572322;0.0663155942;0.9336844058;0.0214081317;0.0000000000;0.0000076512;0.9785842170;0.0000000000;0.0000000000;0.0000076512;idlv+clasp-jumpy
Labyrinth;0244-labyrinth-23-0.asp;1.9865410498;0.1261088898;1.8604321600;0.0634816430;0.9365183570;0.0146747074;0.0000000000;0.0000024200;0.9853228726;0.0000000000;0.0000000000;0.0000024200;NONE
Labyrinth;0156-labyrinth-22-0.asp;1.9860174640;0.1266369006;1.8593805635;0.0637642432;0.9362357568;0.0153319606;0.0000000000;0.0000027826;0.9846652568;0.0000000000;0.0000000000;0.0000027826;idlv+clasp-crafty
Labyrinth;0171-labyrinth-15-0.asp;1.9792235088;0.1325356960;1.8466878127;0.0669634811;0.9330365189;0.0229651190;0.0000000000;0.0000094197;0.9770254613;0.0000000000;0.0000000000;0.0000094197;idlv+clasp
Labyrinth;0202-labyrinth-20-0.asp;1.9844840043;0.1278244349;1.8566595693;0.0644119250;0.9355880750;0.0169921427;0.0000000000;0.0000037577;0.9830040996;0.0000000000;0.0000000000;0.0000037577;idlv+clasp-jumpy
Labyrinth;0141-labyrinth-13-0.asp;1.9759599796;0.1359797428;1.8399802368;0.0688170531;0.9311829469;0.0265139559;0.0000000000;0.0000150306;0.9734710135;0.0000000000;0.0000000000;0.0000150306;idlv+clasp-tweety
Labyrinth;0163-labyrinth-20-0.asp;1.9846743295;0.1279907832;1.8566835463;0.0644895645;0.9355104355;0.0168437214;0.0000000000;0.0000037631;0.9831525155;0.0000000000;0.0000000000;0.0000037631;idlv+clasp
Labyrinth;0223-labyrinth-21-0.asp;1.9857700719;0.1273447413;1.8584253306;0.0641286437;0.9358713563;0.0158945782;0.0000000000;0.0000032267;0.9841021951;0.0000000000;0.0000000000;0.0000032267;idlv+clasp-jumpy
Labyrinth;0122-labyrinth-16-0.asp;1.9801817585;0.1313838357;1.8487979228;0.0663493819;0.9336506181;0.0215192005;0.0000000000;0.0000076526;0.9784731469;0.0000000000;0.0000000000;0.0000076526;idlv+clasp
Labyrinth;0115-labyrinth-12-0.asp;1.9719474591;0.1374194065;1.8345280525;0.0696871541;0.9303128459;0.0297248990;0.0000000000;0.0000194280;0.9702556730;0.0000000000;0.0000000000;0.0000194280;idlv+clasp
Labyrinth;0038-labyrinth-13-0.asp;1.9759997535;0.1356676320;1.8403321215;0.0686577171;0.9313422829;0.0266590698;0.0000000000;0.0000149939;0.9733259364;0.0000000000;0.0000000000;0.0000149939;idlv+clasp-frumpy
Labyrinth;0234-labyrinth-22-0.asp;1.9863989051;0.1267163960;1.8596825092;0.0637920186;0.9362079814;0.0151769155;0.0000000000;0.0000027848;0.9848202998;0.0000000000;0.0000000000;0.0000027848;idlv+clasp-jumpy
Labyrinth;0164-labyrinth-18-0.asp;1.9834453939;0.1295063084;1.8539390855;0.0652936092;0.9347063908;0.0186640730;0.0000000000;0.0000052575;0.9813306695;0.0000000000;0.0000000000;0.0000052575;idlv+clasp-jumpy
Labyrinth;0204-labyrinth-20-0.asp;1.9847336128;0.1279109799;1.8568226330;0.0644474296;0.9355525704;0.0168555805;0.0000000000;0.0000037607;0.9831406587;0.0000000000;0.0000000000;0.0000037607;idlv+clasp-jumpy
Labyrinth;0052-labyrinth-18-0.asp;1.9830717309;0.1294959019;1.8535758290;0.0653006645;0.9346993355;0.0187864006;0.0000000000;0.0000052564;0.9812083430;0.0000000000;0.0000000000;0.0000052564;idlv+clasp-crafty
Labyrinth;0013-labyrinth-11-0.asp;1.9684078070;0.1397285213;1.8286792857;0.0709855553;0.9290144447;0.0329337441;0.0000000000;0.0000258913;0.9670403645;0.0000000000;0.0000000000;0.0000258913;idlv+clasp-tweety
Labyrinth;0066-labyrinth-23-0.asp;1.9871636038;0.1262180073;1.8609455965;0.0635166662;0.9364833338;0.0144198622;0.0000000000;0.0000024227;0.9855777151;0.0000000000;0.0000000000;0.0000024227;idlv+clasp-jumpy
Labyrinth;0098-labyrinth-23-0.asp;1.9870268729;0.1262090104;1.8608178625;0.0635165091;0.9364834909;0.0144665987;0.0000000000;0.0000024224;0.9855309789;0.0000000000;0.0000000000;0.0000024224;idlv+clasp
Labyrinth;0103-labyrinth-14-0.asp;1.9767329659;0.1338970171;1.8428359487;0.0677365226;0.9322634774;0.0249791253;0.0000000000;0.0000117604;0.9750091143;0.0000000000;0.0000000000;0.0000117604;idlv+clasp-tweety
Labyrinth;0043-labyrinth-13-0.asp;1.9768744215;0.1358685591;1.8410058624;0.0687289782;0.9312710218;0.0263173707;0.0000000000;0.0000150213;0.9736676080;0.0000000000;0.0000000000;0.0000150213;idlv+clasp-tweety
Labyrinth;0185-labyrinth-18-0.asp;1.9826428461;0.1293332691;1.8533095769;0.0652327621;0.9347672379;0.0190009291;0.0000000000;0.0000052489;0.9809938221;0.0000000000;0.0000000000;0.0000052489;idlv+clasp-crafty
Labyrinth;0023-labyrinth-11-0.asp;1.9718097291;0.1406548983;1.8311548309;0.0713328960;0.9286671040;0.0316308688;0.0000000000;0.0000260981;0.9683430331;0.0000000000;0.0000000000;0.0000260981;idlv+clasp-frumpy
Labyrinth;0143-labyrinth-14-0.asp;1.9776250753;0.1338276070;1.8437974684;0.0676708688;0.9323291312;0.0247601580;0.0000000000;0.0000117570;0.9752280850;0.0000000000;0.0000000000;0.0000117570;idlv+clasp-jumpy
Labyrinth;0047-labyrinth-12-0.asp;1.9731165551;0.1375846999;1.8355318552;0.0697296364;0.9302703636;0.0293064529;0.0000000000;0.0000194598;0.9706740873;0.0000000000;0.0000000000;0.0000194598;idlv+clasp-tweety
Labyrinth;0154-labyrinth-22-0.asp;1.9860833642;0.1266286702;1.8594546939;0.0637579834;0.9362420166;0.0153145407;0.0000000000;0.0000027824;0.9846826768;0.0000000000;0.0000000000;0.0000027824;idlv+clasp-jumpy
Labyrinth;0145-labyrinth-15-0.asp;1.9793443445;0.1326264809;1.8467178636;0.0670052592;0.9329947408;0.0228699636;0.0000000000;0.0000094270;0.9771206094;0.0000000000;0.0000000000;0.0000094270;idlv+clasp-crafty
Labyrinth;0116-labyrinth-15-0.asp;1.9795037652;0.1327186716;1.8467850936;0.0670464355;0.9329535645;0.0227748740;0.0000000000;0.0000094345;0.9772156915;0.0000000000;0.0000000000;0.0000094345;idlv+clasp-frumpy
Labyrinth;0175-labyrinth-15-0.asp;1.9800545813;0.1330372005;1.8470173809;0.0671886531;0.9328113469;0.0224585170;0.0000000000;0.0000094602;0.9775320228;0.0000000000;0.0000000000;0.0000094602;idlv+clasp-jumpy
Labyrinth;0113-labyrinth-19-0.asp;1.9837993536;0.1286810943;1.8551182593;0.0648659826;0.9351340174;0.0177983999;0.0000000000;0.0000044275;0.9821971726;0.0000000000;0.0000000000;0.0000044275;idlv+clasp-frumpy
Labyrinth;0076-labyrinth-12-0.asp;1.9736905575;0.1379386582;1.8357518993;0.0698886954;0.9301113046;0.0290007806;0.0000000000;0.0000195160;0.9709797034;0.0000000000;0.0000000000;0.0000195160;idlv+wasp
Labyrinth;0050-labyrinth-14-0.asp;1.9771852102;0.1340036938;1.8431815164;0.0677749829;0.9322250171;0.0247919291;0.0000000000;0.0000117720;0.9751962989;0.0000000000;0.0000000000;0.0000117720;idlv+clasp-crafty
Labyrinth;0198-labyrinth-19-0.asp;1.9832157823;0.1284899605;1.8547258218;0.0647886940;0.9352113060;0.0180763094;0.0000000000;0.0000044196;0.9819192709;0.0000000000;0.0000000000;0.0000044196;idlv+clasp-jumpy
Labyrinth;0151-labyrinth-19-0.asp;1.9841268410;0.1286938568;1.8554329843;0.0648617085;0.9351382915;0.0176870447;0.0000000000;0.0000044284;0.9823085269;0.0000000000;0.0000000000;0.0000044284;idlv+clasp-trendy
Labyrinth;0093-labyrinth-16-0.asp;1.9801476620;0.1312473143;1.8489003477;0.0662815793;0.9337184207;0.0216020364;0.0000000000;0.0000076440;0.9783903196;0.0000000000;0.0000000000;0.0000076440;idlv+clasp-crafty
Labyrinth;0078-labyrinth-15-0.asp;1.9799146372;0.1327468665;1.8471677707;0.0670467625;0.9329532375;0.0226504842;0.0000000000;0.0000094377;0.9773400781;0.0000000000;0.0000000000;0.0000094377;idlv+clasp-jumpy
Labyrinth;0070-labyrinth-21-0.asp;1.9860072669;0.1273643685;1.8586428984;0.0641308673;0.9358691327;0.0158017041;0.0000000000;0.0000032275;0.9841950684;0.0000000000;0.0000000000;0.0000032275;idlv+clasp-jumpy
Labyrinth;0182-labyrinth-17-0.asp;1.9816650149;0.1303527988;1.8513122160;0.0657794319;0.9342205681;0.0200794602;0.0000000000;0.0000063064;0.9799142335;0.0000000000;0.0000000000;0.0000063064;idlv+clasp-tweety
Labyrinth;0027-labyrinth-14-0.asp;1.9776468320;0.1337695515;1.8438772805;0.0676407685;0.9323592315;0.0247726044;0.0000000000;0.0000117517;0.9752156439;0.0000000000;0.0000000000;0.0000117517;idlv+clasp-trendy
Labyrinth;0087-labyrinth-12-0.asp;1.9731131131;0.1373973974;1.8357157157;0.0696348306;0.9303651694;0.0294186227;0.0000000000;0.0000194311;0.9705619462;0.0000000000;0.0000000000;0.0000194311;idlv+clasp-jumpy
Labyrinth;0150-labyrinth-16-0.asp;1.9806749306;0.1313807531;1.8492941775;0.0663313051;0.9336686949;0.0213839077;0.0000000000;0.0000076535;0.9786084388;0.0000000000;0.0000000000;0.0000076535;idlv+clasp-trendy
Labyrinth;0075-labyrinth-13-0.asp;1.9750030747;0.1353923257;1.8396107490;0.0685529696;0.9314470304;0.0270723025;0.0000000000;0.0000149571;0.9729127404;0.0000000000;0.0000000000;0.0000149571;idlv+clasp-tweety
Labyrinth;0049-labyrinth-13-0.asp;1.9752080123;0.1357010786;1.8395069337;0.0687021710;0.9312978290;0.0268697895;0.0000000000;0.0000149943;0.9731152162;0.0000000000;0.0000000000;0.0000149943;idlv+clasp-tweety
Labyrinth;0106-labyrinth-18-0.asp;1.9828221385;0.1294390422;1.8533830963;0.0652802083;0.9347197917;0.0188814054;0.0000000000;0.0000052536;0.9811133410;0.0000000000;0.0000000000;0.0000052536;idlv+clasp-jumpy
Labyrinth;0002-labyrinth-12-0.asp;1.9737691768;0.1376316053;1.8361375714;0.0697303448;0.9302696552;0.0291271587;0.0000000000;0.0000194700;0.9708533712;0.0000000000;0.0000000000;0.0000194700;idlv+clasp-crafty
Labyrinth;0107-labyrinth-14-0.asp;1.9778175789;0.1343410018;1.8434765772;0.0679238587;0.9320761413;0.0244613659;0.0000000000;0.0000118057;0.9755268284;0.0000000000;0.0000000000;0.0000118057;idlv+clasp-jumpy
Labyrinth;0018-labyrinth-11-0.asp;1.9702035467;0.1395939765;1.8306095702;0.0708525658;0.9291474342;0.0325026525;0.0000000000;0.0000258779;0.9674714696;0.0000000000;0.0000000000;0.0000258779;idlv+clasp-tweety
Labyrinth;0226-labyrinth-21-0.asp;1.9857316502;0.1272487804;1.8584828698;0.0640815592;0.9359184408;0.0159525936;0.0000000000;0.0000032240;0.9840441824;0.0000000000;0.0000000000;0.0000032240;idlv+clasp-jumpy
Labyrinth;0132-labyrinth-12-0.asp;1.9737110822;0.1374111523;1.8362999299;0.0696207026;0.9303792974;0.0291950940;0.0000000000;0.0000194375;0.9707854685;0.0000000000;0.0000000000;0.0000194375;idlv+clasp-tweety
Labyrinth;0100-labyrinth-17-0.asp;1.9819470645;0.1304073499;1.8515397145;0.0657975948;0.9342024052;0.0199764018;0.0000000000;0.0000063097;0.9800172885;0.0000000000;0.0000000000;0.0000063097;idlv+clasp-trendy
Labyrinth;0173-labyrinth-15-0.asp;1.9799138198;0.1328161230;1.8470976967;0.0670817698;0.9329182302;0.0226066592;0.0000000000;0.0000094430;0.9773838977;0.0000000000;0.0000000000;0.0000094430;idlv+clasp-tweety
Labyrinth;0129-labyrinth-23-0.asp;1.9872773224;0.1262360051;1.8610413174;0.0635220881;0.9364779119;0.0143693480;0.0000000000;0.0000024232;0.9856282289;0.0000000000;0.0000000000;0.0000024232;idlv+clasp-trendy
Labyrinth;0105-labyrinth-14-0.asp;1.9776609090;0.1339018624;1.8437590466;0.0677071897;0.9322928103;0.0247276663;0.0000000000;0.0000117639;0.9752605698;0.0000000000;0.0000000000;0.0000117639;idlv+clasp-tweety
Labyrinth;0243-labyrinth-23-0.asp;1.9865783511;0.1260584248;1.8605199263;0.0634550481;0.9365449519;0.0146832222;0.0000000000;0.0000024190;0.9853143588;0.0000000000;0.0000000000;0.0000024190;idlv+clasp-handy
Labyrinth;0203-labyrinth-20-0.asp;1.9845588207;0.1279330015;1.8566258192;0.0644642024;0.9355357976;0.0169102022;0.0000000000;0.0000037612;0.9830860367;0.0000000000;0.0000000000;0.0000037612;idlv+clasp-handy
Labyrinth;0212-labyrinth-21-0.asp;1.9856759734;0.1273359737;1.8583399997;0.0641272672;0.9358727328;0.0159252520;0.0000000000;0.0000032263;0.9840715217;0.0000000000;0.0000000000;0.0000032263;idlv+clasp-jumpy
Labyrinth;0216-labyrinth-21-0.asp;1.9854520093;0.1271729485;1.8582790608;0.0640523911;0.9359476089;0.0160827333;0.0000000000;0.0000032217;0.9839140450;0.0000000000;0.0000000000;0.0000032217;idlv+clasp
Labyrinth;0196-labyrinth-19-0.asp;1.9843716182;0.1287199697;1.8556516485;0.0648668669;0.9351331331;0.0175948403;0.0000000000;0.0000044297;0.9824007300;0.0000000000;0.0000000000;0.0000044297;idlv+clasp
Labyrinth;0025-labyrinth-14-0.asp;1.9778394689;0.1339891370;1.8438503319;0.0677452033;0.9322547967;0.0246056040;0.0000000000;0.0000117730;0.9753826230;0.0000000000;0.0000000000;0.0000117730;idlv+clasp-jumpy
Labyrinth;0024-labyrinth-14-0.asp;1.9768498433;0.1337792239;1.8430706194;0.0676729314;0.9323270686;0.0250035249;0.0000000000;0.0000117498;0.9749847253;0.0000000000;0.0000000000;0.0000117498;idlv+clasp-jumpy
Labyrinth;0084-labyrinth-17-0.asp;1.9818200546;0.1303947572;1.8514252974;0.0657954575;0.9342045425;0.0200239733;0.0000000000;0.0000063088;0.9799697180;0.0000000000;0.0000000000;0.0000063088;idlv+clasp-crafty
Labyrinth;0089-labyrinth-20-0.asp;1.9854037517;0.1280388110;1.8573649407;0.0644900620;0.9355099380;0.0165981978;0.0000000000;0.0000037655;0.9833980367;0.0000000000;0.0000000000;0.0000037655;idlv+clasp-jumpy
Labyrinth;0225-labyrinth-21-0.asp;1.9861717613;0.1273292944;1.8588424669;0.0641078968;0.9358921032;0.0157783672;0.0000000000;0.0000032267;0.9842184062;0.0000000000;0.0000000000;0.0000032267;idlv+clasp-tweety
Labyrinth;0031-labyrinth-13-0.asp;1.9767452648;0.1361731736;1.8405720912;0.0688875679;0.9311124321;0.0262282247;0.0000000000;0.0000150564;0.9737567189;0.0000000000;0.0000000000;0.0000150564;idlv+clasp
Labyrinth;0088-labyrinth-13-0.asp;1.9751319576;0.1355277534;1.8396042042;0.0686170627;0.9313829373;0.0269821068;0.0000000000;0.0000149734;0.9730029198;0.0000000000;0.0000000000;0.0000149734;idlv+clasp-crafty
Labyrinth;0179-labyrinth-17-0.asp;1.9821991888;0.1303997940;1.8517993948;0.0657854139;0.9342145861;0.0199134308;0.0000000000;0.0000063097;0.9800802595;0.0000000000;0.0000000000;0.0000063097;idlv+clasp-jumpy
Labyrinth;0241-labyrinth-22-0.asp;1.9862784500;0.1266537223;1.8596247276;0.0637643339;0.9362356661;0.0152517513;0.0000000000;0.0000027832;0.9847454655;0.0000000000;0.0000000000;0.0000027832;idlv+clasp-jumpy
Labyrinth;0147-labyrinth-18-0.asp;1.9830145437;0.1294418146;1.8535727290;0.0652752725;0.9347247275;0.0188199443;0.0000000000;0.0000052540;0.9811748017;0.0000000000;0.0000000000;0.0000052540;idlv+clasp-crafty
Labyrinth;0010-labyrinth-13-0.asp;1.9756863228;0.1355256679;1.8401606549;0.0685967536;0.9314032464;0.0268068410;0.0000000000;0.0000149759;0.9731781831;0.0000000000;0.0000000000;0.0000149759;idlv+clasp-frumpy
Labyrinth;0155-labyrinth-17-0.asp;1.9828257562;0.1305796952;1.8522460610;0.0658553556;0.9341446444;0.0196058603;0.0000000000;0.0000063204;0.9803878193;0.0000000000;0.0000000000;0.0000063204;idlv+clasp
Labyrinth;0063-labyrinth-16-0.asp;1.9810582035;0.1315432983;1.8495149052;0.0664005217;0.9335994783;0.0211697798;0.0000000000;0.0000076647;0.9788225555;0.0000000000;0.0000000000;0.0000076647;idlv+clasp-tweety
Labyrinth;0136-labyrinth-16-0.asp;1.9811099286;0.1314558032;1.8496541255;0.0663546234;0.9336453766;0.0212009804;0.0000000000;0.0000076593;0.9787913603;0.0000000000;0.0000000000;0.0000076593;idlv+clasp-frumpy
Labyrinth;0194-labyrinth-19-0.asp;1.9835839035;0.1284974793;1.8550864242;0.0647804608;0.9352195392;0.0179558133;0.0000000000;0.0000044204;0.9820397662;0.0000000000;0.0000000000;0.0000044204;idlv+clasp-trendy
Labyrinth;0040-labyrinth-23-0.asp;1.9869471914;0.1262189381;1.8607282533;0.0635240527;0.9364759473;0.0144868201;0.0000000000;0.0000024225;0.9855107573;0.0000000000;0.0000000000;0.0000024225;idlv+clasp-trendy
Labyrinth;0224-labyrinth-21-0.asp;1.9854493889;0.1271958552;1.8582535337;0.0640640129;0.9359359871;0.0160729016;0.0000000000;0.0000032223;0.9839238761;0.0000000000;0.0000000000;0.0000032223;idlv+clasp-jumpy
Labyrinth;0083-labyrinth-23-0.asp;1.9867969291;0.1261045538;1.8606923753;0.0634712848;0.9365287152;0.0145883651;0.0000000000;0.0000024201;0.9854092148;0.0000000000;0.0000000000;0.0000024201;NONE
Labyrinth;0073-labyrinth-15-0.asp;1.9785278733;0.1324258976;1.8461019757;0.0669315299;0.9330684701;0.0232039520;0.0000000000;0.0000094096;0.9767866384;0.0000000000;0.0000000000;0.0000094096;idlv+clasp-tweety
Labyrinth;0211-labyrinth-20-0.asp;1.9849637009;0.1279711903;1.8569925106;0.0644702925;0.9355297075;0.0167597976;0.0000000000;0.0000037629;0.9832364396;0.0000000000;0.0000000000;0.0000037629;idlv+clasp-jumpy
Labyrinth;0172-labyrinth-15-0.asp;1.9791526045;0.1325574219;1.8465951825;0.0669768575;0.9330231425;0.0229503872;0.0000000000;0.0000094213;0.9770401914;0.0000000000;0.0000000000;0.0000094213;idlv+clasp-jumpy
Labyrinth;0158-labyrinth-22-0.asp;1.9863500141;0.1266977665;1.8596522477;0.0637842100;0.9362157900;0.0151966544;0.0000000000;0.0000027843;0.9848005613;0.0000000000;0.0000000000;0.0000027843;NONE
Labyrinth;0178-labyrinth-17-0.asp;1.9825558908;0.1305729610;1.8519829298;0.0658609231;0.9341390769;0.0197039977;0.0000000000;0.0000063194;0.9802896829;0.0000000000;0.0000000000;0.0000063194;idlv+clasp-jumpy
Labyrinth;0059-labyrinth-13-0.asp;1.9751338709;0.1355173263;1.8396165446;0.0686117170;0.9313882830;0.0269800868;0.0000000000;0.0000149723;0.9730049409;0.0000000000;0.0000000000;0.0000149723;idlv+clasp-tweety
Labyrinth;0231-labyrinth-22-0.asp;1.9864667268;0.1267432751;1.8597234517;0.0638033718;0.9361966282;0.0151416817;0.0000000000;0.0000027854;0.9848555329;0.0000000000;0.0000000000;0.0000027854;idlv+wasp
Labyrinth;0069-labyrinth-20-0.asp;1.9847673987;0.1279163622;1.8568510365;0.0644490444;0.9355509556;0.0168488828;0.0000000000;0.0000037609;0.9831473563;0.0000000000;0.0000000000;0.0000037609;idlv+clasp-crafty
Labyrinth;0176-labyrinth-16-0.asp;1.9804388940;0.1312852655;1.8491536285;0.0662909953;0.9337090047;0.0214884375;0.0000000000;0.0000076471;0.9785039153;0.0000000000;0.0000000000;0.0000076471;idlv+clasp-tweety
Labyrinth;0057-labyrinth-16-0.asp;1.9801492129;0.1312370611;1.8489121519;0.0662763494;0.9337236506;0.0216003852;0.0000000000;0.0000076434;0.9783919713;0.0000000000;0.0000000000;0.0000076434;idlv+clasp-frumpy
Labyrinth;0016-labyrinth-12-0.asp;1.9734066022;0.1376398861;1.8357667161;0.0697473526;0.9302526474;0.0292044702;0.0000000000;0.0000194696;0.9707760601;0.0000000000;0.0000000000;0.0000194696;idlv+wasp
Labyrinth;0128-labyrinth-19-0.asp;1.9840832789;0.1286451409;1.8554381379;0.0648385793;0.9351614207;0.0177239508;0.0000000000;0.0000044266;0.9822716226;0.0000000000;0.0000000000;0.0000044266;idlv+clasp-tweety
Labyrinth;0119-labyrinth-21-0.asp;1.9853063016;0.1271871081;1.8581191935;0.0640642242;0.9359357758;0.0161098563;0.0000000000;0.0000032220;0.9838869217;0.0000000000;0.0000000000;0.0000032220;idlv+clasp-jumpy
Labyrinth;0166-labyrinth-14-0.asp;1.9771577588;0.1340231078;1.8431346509;0.0677857431;0.9322142569;0.0247954318;0.0000000000;0.0000117737;0.9751927945;0.0000000000;0.0000000000;0.0000117737;idlv+clasp-crafty
Labyrinth;0061-labyrinth-14-0.asp;1.9780504875;0.1339535669;1.8440969206;0.0677199939;0.9322800061;0.0245762712;0.0000000000;0.0000117702;0.9754119586;0.0000000000;0.0000000000;0.0000117702;idlv+clasp-tweety
Labyrinth;0004-labyrinth-11-0.asp;1.9697472248;0.1396014444;1.8301457804;0.0708727712;0.9291272288;0.0326545398;0.0000000000;0.0000258752;0.9673195850;0.0000000000;0.0000000000;0.0000258752;idlv+clasp-frumpy
Labyrinth;0169-labyrinth-15-0.asp;1.9793766655;0.1327289229;1.8466477426;0.0670559198;0.9329440802;0.0227950334;0.0000000000;0.0000094350;0.9771955316;0.0000000000;0.0000000000;0.0000094350;idlv+clasp-trendy
Labyrinth;0086-labyrinth-12-0.asp;1.9717307423;0.1372078610;1.8345228813;0.0695875243;0.9304124757;0.0298686941;0.0000000000;0.0000193953;0.9701119106;0.0000000000;0.0000000000;0.0000193953;idlv+clasp-handy
Labyrinth;0109-labyrinth-18-0.asp;1.9832720529;0.1295625328;1.8537095201;0.0653276653;0.9346723347;0.0186823475;0.0000000000;0.0000052597;0.9813123928;0.0000000000;0.0000000000;0.0000052597;idlv+clasp-tweety
Labyrinth;0028-labyrinth-12-0.asp;1.9731702426;0.1376178063;1.8355524363;0.0697445174;0.9302554826;0.0292755090;0.0000000000;0.0000194651;0.9707050259;0.0000000000;0.0000000000;0.0000194651;idlv+clasp-tweety
Labyrinth;0219-labyrinth-21-0.asp;1.9858303178;0.1273042532;1.8585260646;0.0641063096;0.9358936904;0.0158959538;0.0000000000;0.0000032256;0.9841008206;0.0000000000;0.0000000000;0.0000032256;idlv+clasp-jumpy
Labyrinth;0039-labyrinth-11-0.asp;1.9714432100;0.1406806170;1.8307625930;0.0713592034;0.9286407966;0.0316987832;0.0000000000;0.0000261110;0.9682751057;0.0000000000;0.0000000000;0.0000261110;idlv+clasp-handy
Labyrinth;0152-labyrinth-13-0.asp;1.9751458163;0.1355360963;1.8396097201;0.0686208052;0.9313791948;0.0269545815;0.0000000000;0.0000149748;0.9730304437;0.0000000000;0.0000000000;0.0000149748;idlv+clasp
Labyrinth;0227-labyrinth-21-0.asp;1.9857656966;0.1274132541;1.8583524425;0.0641632869;0.9358367131;0.0158585131;0.0000000000;0.0000032285;0.9841382583;0.0000000000;0.0000000000;0.0000032285;idlv+wasp
Labyrinth;0131-labyrinth-16-0.asp;1.9806681271;0.1314270067;1.8492411203;0.0663548855;0.9336451145;0.0213613046;0.0000000000;0.0000076564;0.9786310390;0.0000000000;0.0000000000;0.0000076564;idlv+clasp-jumpy
Labyrinth;0048-labyrinth-15-0.asp;1.9785024946;0.1324042147;1.8460982798;0.0669214293;0.9330785707;0.0232186201;0.0000000000;0.0000094079;0.9767719721;0.0000000000;0.0000000000;0.0000094079;idlv+clasp-tweety
Labyrinth;0228-labyrinth-22-0.asp;1.9862310504;0.1266737712;1.8595572792;0.0637759495;0.9362240505;0.0152431641;0.0000000000;0.0000027836;0.9847540523;0.0000000000;0.0000000000;0.0000027836;NONE
Labyrinth;0123-labyrinth-17-0.asp;1.9812795523;0.1303033227;1.8509762295;0.0657672576;0.9342327424;0.0202325801;0.0000000000;0.0000063030;0.9797611169;0.0000000000;0.0000000000;0.0000063030;idlv+clasp-tweety
Labyrinth;0200-labyrinth-19-0.asp;1.9839320493;0.1287013994;1.8552306499;0.0648718788;0.9351281212;0.0177489638;0.0000000000;0.0000044284;0.9822466079;0.0000000000;0.0000000000;0.0000044284;idlv+clasp-handy
Labyrinth;0181-labyrinth-17-0.asp;1.9818168950;0.1303251211;1.8514917739;0.0657604249;0.9342395751;0.0200629252;0.0000000000;0.0000063051;0.9799307697;0.0000000000;0.0000000000;0.0000063051;idlv+clasp-jumpy
Labyrinth;0220-labyrinth-21-0.asp;1.9855077690;0.1273159378;1.8581918311;0.0641226088;0.9358773912;0.0159862717;0.0000000000;0.0000032256;0.9840105027;0.0000000000;0.0000000000;0.0000032256;idlv+wasp
Labyrinth;0139-labyrinth-11-0.asp;1.9693008304;0.1398071256;1.8294937048;0.0709932802;0.9290067198;0.0326509458;0.0000000000;0.0000259134;0.9673231407;0.0000000000;0.0000000000;0.0000259134;idlv+clasp-tweety
Labyrinth;0213-labyrinth-21-0.asp;1.9855459894;0.1272391923;1.8583067972;0.0640827223;0.9359172777;0.0160211983;0.0000000000;0.0000032236;0.9839755781;0.0000000000;0.0000000000;0.0000032236;idlv+clasp-crafty
Labyrinth;0003-labyrinth-11-0.asp;1.9699308571;0.1398670740;1.8300637830;0.0710010067;0.9289989933;0.0324638282;0.0000000000;0.0000259296;0.9675102422;0.0000000000;0.0000000000;0.0000259296;idlv+clasp-tweety
Labyrinth;0108-labyrinth-14-0.asp;1.9771112960;0.1338711817;1.8432401143;0.0677104936;0.9322895064;0.0249056338;0.0000000000;0.0000117590;0.9750826072;0.0000000000;0.0000000000;0.0000117590;idlv+clasp-frumpy
Labyrinth;0079-labyrinth-12-0.asp;1.9717758838;0.1369887623;1.8347871215;0.0694748137;0.9305251863;0.0299726993;0.0000000000;0.0000193622;0.9700079385;0.0000000000;0.0000000000;0.0000193622;idlv+clasp-tweety
Labyrinth;0134-labyrinth-15-0.asp;1.9796081915;0.1327302044;1.8468779871;0.0670487246;0.9329512754;0.0227214826;0.0000000000;0.0000094358;0.9772690816;0.0000000000;0.0000000000;0.0000094358;idlv+clasp-jumpy
Labyrinth;0238-labyrinth-22-0.asp;1.9860933666;0.1266662521;1.8594271145;0.0637765848;0.9362234152;0.0152916094;0.0000000000;0.0000027833;0.9847056073;0.0000000000;0.0000000000;0.0000027833;NONE
Labyrinth;0110-labyrinth-16-0.asp;1.9810817366;0.1314342047;1.8496475319;0.0663446653;0.9336553347;0.0212275529;0.0000000000;0.0000076578;0.9787647892;0.0000000000;0.0000000000;0.0000076578;idlv+clasp-jumpy
Labyrinth;0237-labyrinth-22-0.asp;1.9864676836;0.1267343141;1.8597333695;0.0637988300;0.9362011700;0.0151406274;0.0000000000;0.0000027853;0.9848565874;0.0000000000;0.0000000000;0.0000027853;idlv+clasp
Labyrinth;0201-labyrinth-19-0.asp;1.9842014852;0.1287101036;1.8554913816;0.0648674565;0.9351325435;0.0176631337;0.0000000000;0.0000044291;0.9823324372;0.0000000000;0.0000000000;0.0000044291;idlv+clasp-tweety
Labyrinth;0081-labyrinth-14-0.asp;1.9775115519;0.1339293255;1.8435822264;0.0677261912;0.9322738088;0.0247326125;0.0000000000;0.0000117662;0.9752556213;0.0000000000;0.0000000000;0.0000117662;idlv+clasp-jumpy
Labyrinth;0246-labyrinth-23-0.asp;1.9869751348;0.1261863686;1.8607887662;0.0635067679;0.9364932321;0.0144926834;0.0000000000;0.0000024219;0.9855048947;0.0000000000;0.0000000000;0.0000024219;idlv+clasp-jumpy
Labyrinth;0159-labyrinth-20-0.asp;1.9848175931;0.1279124477;1.8569051453;0.0644454423;0.9355545577;0.0168409810;0.0000000000;0.0000037608;0.9831552582;0.0000000000;0.0000000000;0.0000037608;idlv+clasp-frumpy
Labyrinth;0044-labyrinth-23-0.asp;1.9870468486;0.1261820273;1.8608648213;0.0635022910;0.9364977090;0.0144683242;0.0000000000;0.0000024219;0.9855292539;0.0000000000;0.0000000000;0.0000024219;idlv+wasp
Labyrinth;0170-labyrinth-15-0.asp;1.9788025718;0.1325152546;1.8462873172;0.0669673956;0.9330326044;0.0230720696;0.0000000000;0.0000094172;0.9769185132;0.0000000000;0.0000000000;0.0000094172;idlv+clasp-jumpy
Labyrinth;0192-labyrinth-18-0.asp;1.9827219834;0.1293870800;1.8533349034;0.0652572984;0.9347427016;0.0189357937;0.0000000000;0.0000052512;0.9810589551;0.0000000000;0.0000000000;0.0000052512;idlv+clasp-jumpy
Labyrinth;0126-labyrinth-19-0.asp;1.9834122583;0.1285021067;1.8549101516;0.0647884000;0.9352116000;0.0180085401;0.0000000000;0.0000044204;0.9819870395;0.0000000000;0.0000000000;0.0000044204;idlv+clasp-tweety
Labyrinth;0140-labyrinth-23-0.asp;1.9869671857;0.1261919508;1.8607752349;0.0635098313;0.9364901687;0.0144885414;0.0000000000;0.0000024220;0.9855090366;0.0000000000;0.0000000000;0.0000024220;idlv+clasp-crafty
Labyrinth;0125-labyrinth-23-0.asp;1.9870787884;0.1262301087;1.8608486797;0.0635254673;0.9364745327;0.0144403283;0.0000000000;0.0000024229;0.9855572489;0.0000000000;0.0000000000;0.0000024229;idlv+clasp-handy
Labyrinth;0009-labyrinth-11-0.asp;1.9710713806;0.1403145584;1.8307568222;0.0711869493;0.9288130507;0.0319600239;0.0000000000;0.0000260261;0.9680139500;0.0000000000;0.0000000000;0.0000260261;idlv+clasp-frumpy
Labyrinth;0222-labyrinth-21-0.asp;1.9855657063;0.1272675440;1.8582981624;0.0640963649;0.9359036351;0.0159929837;0.0000000000;0.0000032244;0.9840037919;0.0000000000;0.0000000000;0.0000032244;idlv+clasp-crafty
Labyrinth;0209-labyrinth-20-0.asp;1.9846757222;0.1279471972;1.8567285250;0.0644675580;0.9355324420;0.0168602727;0.0000000000;0.0000037618;0.9831359656;0.0000000000;0.0000000000;0.0000037618;idlv+clasp-jumpy
Labyrinth;0054-labyrinth-14-0.asp;1.9776752277;0.1341056803;1.8435695475;0.0678097588;0.9321902412;0.0246264788;0.0000000000;0.0000117830;0.9753617382;0.0000000000;0.0000000000;0.0000117830;idlv+clasp-jumpy
Labyrinth;0099-labyrinth-20-0.asp;1.9851823490;0.1280329281;1.8571494209;0.0644942910;0.9355057090;0.0166566892;0.0000000000;0.0000037651;0.9833395457;0.0000000000;0.0000000000;0.0000037651;idlv+clasp-frumpy
Labyrinth;0111-labyrinth-19-0.asp;1.9845393846;0.1287873319;1.8557520527;0.0648953268;0.9351046732;0.0175080892;0.0000000000;0.0000044324;0.9824874784;0.0000000000;0.0000000000;0.0000044324;idlv+clasp-jumpy
Labyrinth;0162-labyrinth-17-0.asp;1.9817887730;0.1305266821;1.8512620909;0.0658630647;0.9341369353;0.0199448013;0.0000000000;0.0000063156;0.9800488831;0.0000000000;0.0000000000;0.0000063156;idlv+clasp-jumpy
Labyrinth;0001-labyrinth-11-0.asp;1.9698453470;0.1396425322;1.8302028148;0.0708900993;0.9291099007;0.0325636778;0.0000000000;0.0000258853;0.9674104369;0.0000000000;0.0000000000;0.0000258853;idlv+clasp-trendy
Labyrinth;0021-labyrinth-11-0.asp;1.9709756163;0.1399983905;1.8309772258;0.0710299962;0.9289700038;0.0320913930;0.0000000000;0.0000259639;0.9678826431;0.0000000000;0.0000000000;0.0000259639;idlv+clasp-jumpy
Labyrinth;0005-labyrinth-5-0.asp;1.7950566426;0.2018537590;1.5932028836;0.1124497992;0.8875502008;0.1860854987;0.0000000000;0.0008382230;0.8130762783;0.0000000000;0.0000000000;0.0008382230;idlv+clasp-frumpy
Labyrinth;0051-labyrinth-12-0.asp;1.9733894399;0.1375212905;1.8358681495;0.0696878617;0.9303121383;0.0292555778;0.0000000000;0.0000194518;0.9707249703;0.0000000000;0.0000000000;0.0000194518;idlv+clasp-jumpy
Labyrinth;0205-labyrinth-20-0.asp;1.9855255649;0.1280790253;1.8574465396;0.0645063592;0.9354936408;0.0165218276;0.0000000000;0.0000037669;0.9834744055;0.0000000000;0.0000000000;0.0000037669;idlv+clasp-crafty
Labyrinth;0199-labyrinth-19-0.asp;1.9838479189;0.1286892156;1.8551587033;0.0648684883;0.9351315117;0.0177734090;0.0000000000;0.0000044279;0.9822221632;0.0000000000;0.0000000000;0.0000044279;idlv+clasp-trendy
Labyrinth;0148-labyrinth-13-0.asp;1.9756488503;0.1357345416;1.8399143086;0.0687037788;0.9312962212;0.0267302673;0.0000000000;0.0000150002;0.9732547325;0.0000000000;0.0000000000;0.0000150002;idlv+clasp-crafty
Labyrinth;0187-labyrinth-18-0.asp;1.9836997319;0.1296139410;1.8540857909;0.0653394962;0.9346605038;0.0185346960;0.0000000000;0.0000052625;0.9814600415;0.0000000000;0.0000000000;0.0000052625;idlv+clasp
